time_log : 2022_06_06_01_08_45
ckpt_path : ./lightning_logs/DeepTaR/chair/dfnet_first/checkpoints/0000001000.ckpt

only_init_net : False
test_mode : average
start_frame_idx : 0
frame_sequence_num : 3
half_lambda_max : 3
test_optim_num : [5, 5, 5, 5, 5]
use_deep_optimizer : True
use_adam_optimizer : False
use_weighted_average : False

avg_err_pos : 0.012511661276221275
avg_err_scale : 0.02926868386566639
avg_err_axis_red : 3.509219169616699
avg_err_axis_green : 2.418382167816162
avg_err_depth : 0.08870893716812134
