script_name : val adam multi
time_log : 2022_07_09_10_56_59
ckpt_path : lightning_logs/DeepTaR/chair/dfnet_list0_randR05_date0707/checkpoints/0000000700.ckpt
val_N_views : 32
val_instance_list_txt : instance_lists/kmean/kmeans0_test_list.txt

only_init_net : False
start_frame_idx : 0
itr_frame_num : 5
half_lambda_max : 3
optim_num : 5

avg_err_pos   : 0.007494286634027958 : 0.005815581418573856
avg_err_scale : 0.022787462919950485 : 0.017148077487945557
avg_err_red   : 1.6684751510620117 : 1.0952153205871582
avg_err_green : 1.351844310760498 : 0.9843697547912598
avg_err_depth : 0.06237218901515007 : 0.057463787496089935
