time_log : 2022_07_26_07_51_11
ini_ckpt_path : lightning_logs/DeepTaR/chair/initnet_list2_date0705/checkpoints/0000000300.ckpt
ckpt_path : lightning_logs/DeepTaR/chair/dfnet_list2_randR05_mha_avg_learned_weighted_date0723/checkpoints/0000000400.ckpt
test_N_views : 8
test_instance_list_txt : instance_lists/kmean/kmeans2_test_list.txt

only_init_net : False
start_frame_idx : 0
itr_frame_num : 5
half_lambda_max : 0
optim_num : 5
init_mode : all
optim_mode : optimall

avg_err_pos   : 0.7473925352096558 : 0.00929796602576971
avg_err_scale : 210405.5625 : 0.02202025055885315
avg_err_red   : 3.729368209838867 : 2.3484790325164795
avg_err_green : 2.8615834712982178 : 2.454390525817871
avg_err_depth : 0.1008758470416069 : 0.09678050875663757
