script_name : test ori multi
time_log : 2022_07_26_02_14_01
ckpt_path : lightning_logs/DeepTaR/chair/dfnet_list2_randR05_sha_date0723/checkpoints/0000000100.ckpt
test_N_views : 8
test_instance_list_txt : instance_lists/kmean/kmeans2_test_list.txt

only_init_net : True
start_frame_idx : 0
itr_frame_num : 5
half_lambda_max : 0
optim_num : 5
init_mode : all
optim_mode : optimall

avg_err_pos   : 0.0197342187166214 : 0.017853494733572006
avg_err_scale : 0.04846759885549545 : 0.039353370666503906
avg_err_red   : 9.800118446350098 : 7.481480598449707
avg_err_green : 5.730617523193359 : 4.802054405212402
avg_err_depth : 0.1510814130306244 : 0.15023376047611237
