script_name : test ori multi
time_log : 2022_07_26_05_35_47
ckpt_path : lightning_logs/DeepTaR/chair/dfnet_list2_randR05_mha_avg_learned_weighted_date0723/checkpoints/0000000500.ckpt
test_N_views : 8
test_instance_list_txt : instance_lists/kmean/kmeans2_test_list.txt

only_init_net : False
start_frame_idx : 0
itr_frame_num : 5
half_lambda_max : 0
optim_num : 5
init_mode : all
optim_mode : optimall

avg_err_pos   : 0.058510471135377884 : 0.008634103462100029
avg_err_scale : 0.03243689611554146 : 0.02025488018989563
avg_err_red   : 3.161330223083496 : 1.875913143157959
avg_err_green : 2.7846169471740723 : 2.0760343074798584
avg_err_depth : 0.0958508625626564 : 0.08977916836738586
