time_log : 2022_07_26_09_51_04
ini_ckpt_path : lightning_logs/DeepTaR/chair/initnet_list2_date0705/checkpoints/0000000300.ckpt
ckpt_path : lightning_logs/DeepTaR/chair/dfnet_list2_randR05_mha_avg_learned_weighted_date0723/checkpoints/0000000520.ckpt
test_N_views : 8
test_instance_list_txt : instance_lists/kmean/kmeans2_test_list.txt

only_init_net : False
start_frame_idx : 0
itr_frame_num : 5
half_lambda_max : 0
optim_num : 5
init_mode : all
optim_mode : optimall

avg_err_pos   : 0.016700074076652527 : 0.009506698697805405
avg_err_scale : 0.03878370299935341 : 0.029139965772628784
avg_err_red   : 2.647172451019287 : 1.858989953994751
avg_err_green : 2.944520950317383 : 2.34326434135437
avg_err_depth : 0.09224359691143036 : 0.08640636503696442
