time_log : 2022_07_26_07_50_30
ini_ckpt_path : lightning_logs/DeepTaR/chair/initnet_list2_date0705/checkpoints/0000000300.ckpt
ckpt_path : lightning_logs/DeepTaR/chair/dfnet_list2_randR05_mha_avg_date0723/checkpoints/0000000400.ckpt
test_N_views : 8
test_instance_list_txt : instance_lists/kmean/kmeans2_test_list.txt

only_init_net : False
start_frame_idx : 0
itr_frame_num : 5
half_lambda_max : 0
optim_num : 5
init_mode : all
optim_mode : optimall

avg_err_pos   : 0.012404068373143673 : 0.008951650001108646
avg_err_scale : 0.0264521986246109 : 0.02047520875930786
avg_err_red   : 2.7836389541625977 : 2.052330732345581
avg_err_green : 2.7370920181274414 : 2.3563828468322754
avg_err_depth : 0.09718038141727448 : 0.09377206861972809
