time_log : 2022_06_06_03_30_16
ckpt_path : ./lightning_logs/DeepTaR/chair/dfnet_wodepth_first/checkpoints/0000001000.ckpt

only_init_net : False
test_mode : average
start_frame_idx : 0
frame_sequence_num : 5
half_lambda_max : 8
test_optim_num : [5, 5, 5, 5, 5]
use_deep_optimizer : True
use_adam_optimizer : False
use_weighted_average : True

avg_err_pos : 0.009019109420478344
avg_err_scale : 0.024204785004258156
avg_err_axis_red : 3.230114698410034
avg_err_axis_green : 1.7943451404571533
avg_err_depth : 0.08192569017410278
