script_name : test ori multi
time_log : 2022_07_25_10_26_28
ckpt_path : lightning_logs/DeepTaR/chair/dfnet_list0_randR05_mha_avg_before_date0723/checkpoints/0000000600.ckpt
test_N_views : 8
test_instance_list_txt : instance_lists/kmean/kmeans0_test_list.txt

only_init_net : False
start_frame_idx : 0
itr_frame_num : 5
half_lambda_max : 0
optim_num : 5
init_mode : all
optim_mode : optimall

avg_err_pos   : 0.11742417514324188 : 0.005646721925586462
avg_err_scale : 0.025157935917377472 : 0.0177767276763916
avg_err_red   : 1.9248987436294556 : 1.3361072540283203
avg_err_green : 1.4504992961883545 : 1.1577513217926025
avg_err_depth : 0.06181187927722931 : 0.056491587311029434
