script_name : val ori multi
time_log : 2022_07_25_03_57_32
ckpt_path : lightning_logs/DeepTaR/chair/dfnet_list0_randR05_mha_avg_date0721/checkpoints/0000000400.ckpt
val_N_views : 8
val_instance_list_txt : instance_lists/kmean/kmeans0_test_list.txt

only_init_net : False
start_frame_idx : 0
itr_frame_num : 5
half_lambda_max : 0
optim_num : 7
init_mode : all
optim_mode : optimall

avg_err_pos   : 0.006242570001631975 : 0.005342051386833191
avg_err_scale : 0.025904860347509384 : 0.02089005708694458
avg_err_red   : 1.8195927143096924 : 1.4567638635635376
avg_err_green : 1.2872791290283203 : 1.0762914419174194
avg_err_depth : 0.06360876560211182 : 0.06021881103515625
