script_name : val adam multi
time_log : 2022_06_24_11_48_22
ckpt_path : lightning_logs/DeepTaR/chair/progressivewfd_list0_0621/checkpoints/0000000400.ckpt
val_N_views : 32
val_instance_list_txt : instance_lists/kmean/top_256_kmeans_list_2.txt

only_init_net : False
start_frame_idx : 0
frame_sequence_num : 5
half_lambda_max : 3
itr_frame_num : 3

avg_err_pos   : 0.042767904698848724 : 0.03540631756186485
avg_err_scale : 0.12395264953374863 : 0.15510809421539307
avg_err_red   : 69.471435546875 : 73.7660903930664
avg_err_green : 29.722625732421875 : 27.3563289642334
avg_err_depth : 0.2028183937072754 : 0.18810434639453888
