script_name : val adam multi
time_log : 2022_07_12_05_20_41
ckpt_path : lightning_logs/DeepTaR/chair/initnet_list0_date0705/checkpoints/0000000200.ckpt
val_N_views : 32
val_instance_list_txt : instance_lists/kmean/kmeans0_test_list.txt

start_frame_idx : 0
frame_sequence_num : 5
grad_optim_max : 50
shape_code_reg : 0.01
adam_step_ratio : 0.01

avg_err_pos   : 0.007086662109941244 : 0.00468142144382
avg_err_scale : 0.028652507811784744 : 0.02030619978904724
avg_err_red   : 0.544919490814209 : 0.2716022729873657
avg_err_green : 0.9011974930763245 : 0.599378228187561
avg_err_depth : 0.05107773095369339 : 0.04261685907840729
