script_name : val adam multi
time_log : 2022_06_23_15_15_37
ckpt_path : lightning_logs/DeepTaR/chair/progressivewfd_list0_0621/checkpoints/0000000400.ckpt
val_N_views : 32
val_instance_list_txt : instance_lists/kmean/top_256_kmeans_list_2.txt

only_init_net : False
start_frame_idx : 0
frame_sequence_num : 5
half_lambda_max : 3
itr_frame_num : 3

avg_err_pos   : 0.019565917551517487 : 0.014929017052054405
avg_err_scale : 0.05369758605957031 : 0.03583252429962158
avg_err_red   : 7.348422050476074 : 2.8500499725341797
avg_err_green : 8.156322479248047 : 5.774753093719482
avg_err_depth : 0.13249874114990234 : 0.1319512575864792
