script_name : val adam multi
time_log : 2022_06_26_05_47_02
ckpt_path : lightning_logs/DeepTaR/chair/progressive_list0_0621/checkpoints/0000000500.ckpt
val_N_views : 32
val_instance_list_txt : instance_lists/kmean/top_256_kmeans_list_4.txt

only_init_net : False
start_frame_idx : 0
frame_sequence_num : 5
half_lambda_max : 3
itr_frame_num : 3

avg_err_pos   : 0.013427801430225372 : 0.011094803921878338
avg_err_scale : 0.04707995057106018 : 0.036278724670410156
avg_err_red   : 9.2963285446167 : 3.3900935649871826
avg_err_green : 3.6503100395202637 : 2.625995397567749
avg_err_depth : 0.13217410445213318 : 0.12590818107128143
