script_name : val ori multi
time_log : 2022_07_25_01_15_55
ckpt_path : lightning_logs/DeepTaR/chair/dfnet_list0_randR05_mha_avg_before_date0723/checkpoints/0000000500.ckpt
val_N_views : 8
val_instance_list_txt : instance_lists/kmean/kmeans0_test_list.txt

only_init_net : False
start_frame_idx : 0
itr_frame_num : 5
half_lambda_max : 0
optim_num : 7
init_mode : all
optim_mode : optimall

avg_err_pos   : 0.00875047780573368 : 0.005345056764781475
avg_err_scale : 0.021211277693510056 : 0.015496015548706055
avg_err_red   : 2.868830680847168 : 1.7626969814300537
avg_err_green : 2.1354219913482666 : 1.5454769134521484
avg_err_depth : 0.06538265943527222 : 0.06055423244833946
