script_name : test ori multi
time_log : 2022_07_25_06_44_24
ckpt_path : lightning_logs/DeepTaR/chair/dfnet_list0_randR05_sha_date0721/checkpoints/0000000600.ckpt
test_N_views : 8
test_instance_list_txt : instance_lists/kmean/kmeans0_test_list.txt

only_init_net : False
start_frame_idx : 0
itr_frame_num : 5
half_lambda_max : 0
optim_num : 5
init_mode : all
optim_mode : optimall

avg_err_pos   : 0.006526417098939419 : 0.0055267224088311195
avg_err_scale : 0.01808183267712593 : 0.014046579599380493
avg_err_red   : 1.7578136920928955 : 1.5145881175994873
avg_err_green : 1.3591645956039429 : 1.134359359741211
avg_err_depth : 0.06451703608036041 : 0.05996667593717575
