script_name : val ori multi
time_log : 2022_07_19_16_03_35
ckpt_path : lightning_logs/DeepTaR/chair/dfnet_list2_randR05_trans_avg_date0718/checkpoints/0000000500.ckpt
val_N_views : 32
val_instance_list_txt : instance_lists/kmean/kmeans2_test_list.txt

only_init_net : False
start_frame_idx : 0
itr_frame_num : 5
half_lambda_max : 0
optim_num : 7
init_mode : all
optim_mode : optimall

avg_err_pos   : 0.13029071688652039 : 0.009695516899228096
avg_err_scale : 0.032407574355602264 : 0.026313811540603638
avg_err_red   : 3.497450828552246 : 2.3352317810058594
avg_err_green : 3.1125969886779785 : 2.6180076599121094
avg_err_depth : 0.09180416166782379 : 0.08706013113260269
