script_name : val adam multi
time_log : 2022_06_24_08_10_51
ckpt_path : lightning_logs/DeepTaR/chair/original_list0_0621/checkpoints/0000000500.ckpt
val_N_views : 32
val_instance_list_txt : instance_lists/kmean/top_256_kmeans_list_3.txt

only_init_net : False
start_frame_idx : 0
frame_sequence_num : 5
half_lambda_max : 3
itr_frame_num : 3

avg_err_pos   : 0.01125349197536707 : 0.009265152737498283
avg_err_scale : 0.057028286159038544 : 0.05099302530288696
avg_err_red   : 1.8805584907531738 : 1.558464527130127
avg_err_green : 1.7034060955047607 : 1.3876210451126099
avg_err_depth : 0.09866522252559662 : 0.09814995527267456
