time_log : 2022_08_23_15_13_09
ini_ckpt_path : non
rand_P_range : 0.3
rand_S_range : 0.3
rand_R_range : 1.5707963705062866
random_axis_num : 1024
rand_Z_sigma : 0.05
ckpt_path : lightning_logs/DeepTaR/chair/dfnet_transcls_after_list0_randR05_inpDepth_outObj_3layers/checkpoints/0000000013.ckpt
test_N_views : 16
test_instance_list_txt : /home/yyoshitake/works/DeepSDF/project/instance_lists/kmean/kmeans0_test_list.txt

only_init_net : False
start_frame_idx : 0
itr_frame_num : 5
half_lambda_max : 0
optim_num : 5
init_mode : all
optim_mode : optimall

avg_err_pos   : 0.007605518214404583 : 0.006693914067000151
avg_err_scale : 1.705352544784546 : 1.358022928237915
avg_err_red   : 4.186979293823242 : 3.9929213523864746
avg_err_green : 4.267996311187744 : 4.078207015991211
avg_err_depth : 0.0772758424282074 : 0.07508081942796707
