time_log : 2022_06_08_23_07_20
ckpt_path : ./lightning_logs/DeepTaR/chair/dfnet_first/checkpoints/0000001000.ckpt

only_init_net : False
test_mode : average
start_frame_idx : 0
frame_sequence_num : 5
half_lambda_max : 8
test_optim_num : 5
use_deep_optimizer : True
use_adam_optimizer : False
use_weighted_average : False

avg_err_pos : 0.011411488056182861
avg_err_scale : 0.027641661465168
avg_err_axis_red : 2.790977716445923
avg_err_axis_green : 2.0667030811309814
avg_err_depth : 0.08497568219900131
