script_name : val adam multi
time_log : 2022_06_24_08_00_17
ckpt_path : lightning_logs/DeepTaR/chair/original_list0_0621/checkpoints/0000000500.ckpt
val_N_views : 32
val_instance_list_txt : instance_lists/kmean/top_256_kmeans_list_2.txt

only_init_net : False
start_frame_idx : 0
frame_sequence_num : 5
half_lambda_max : 3
itr_frame_num : 3

avg_err_pos   : 0.01716707833111286 : 0.0151212764903903
avg_err_scale : 0.050540462136268616 : 0.041110217571258545
avg_err_red   : 5.444061756134033 : 3.564471960067749
avg_err_green : 7.044342041015625 : 5.929660797119141
avg_err_depth : 0.1519434154033661 : 0.1570742428302765
