script_name : val adam multi
time_log : 2022_06_26_00_59_04
ckpt_path : lightning_logs/DeepTaR/chair/progressivewfd_list0_0621/checkpoints/0000001000.ckpt
val_N_views : 32
val_instance_list_txt : instance_lists/kmean/top_256_kmeans_list_3.txt

only_init_net : False
start_frame_idx : 0
frame_sequence_num : 5
half_lambda_max : 3
itr_frame_num : 3

avg_err_pos   : 0.007604408543556929 : 0.005399791523814201
avg_err_scale : 0.02615448459982872 : 0.01328730583190918
avg_err_red   : 2.289717674255371 : 1.2730315923690796
avg_err_green : 1.6035902500152588 : 1.1506307125091553
avg_err_depth : 0.06365828216075897 : 0.05948030948638916
