time_log : 2022_08_29_17_37_07
ini_ckpt_path : non
rand_P_range : 0.3
rand_S_range : 0.3
rand_R_range : 1.5707963705062866
random_axis_num : 1024
rand_Z_sigma : 0.05
ckpt_path : lightning_logs/DeepTaR/chair/transavg_list0randn_randR05_inpOSMap_outObj_pytorch_layers2/checkpoints/0000000011.ckpt
test_N_views : 32
test_instance_list_txt : /home/yyoshitake/works/DeepSDF/project/instance_lists/kmean/kmeans0_test_list.txt

only_init_net : False
start_frame_idx : 0
itr_frame_num : 3
half_lambda_max : 0
optim_num : 5
init_mode : all
optim_mode : optimall

avg_err_pos   : 0.016964323818683624 : 0.015491541475057602
avg_err_scale : 4.1607794761657715 : 3.3903136253356934
avg_err_red   : 3.5896692276000977 : 2.7469468116760254
avg_err_green : 2.8994805812835693 : 2.608532428741455
avg_err_depth : 0.09128817170858383 : 0.09078539907932281
