script_name : val deep multi
time_log : 2022_06_18_07_01_51
ckpt_path : lightning_logs/DeepTaR/chair/dfnetwfd_list0_date0616/checkpoints/0000001800.ckpt
val_N_views : 32
val_instance_list_txt : instance_lists/kmean/top_256_kmeans_list_1.txt

only_init_net : False
start_frame_idx : 0
frame_sequence_num : 3
half_lambda_max : 3
test_optim_num : 5

avg_err_pos : 0.02549714222550392
avg_err_scale : 0.08710551261901855
avg_err_axis_red : 37.07289505004883
avg_err_axis_green : 12.781033515930176
avg_err_depth : 0.17080336809158325
