time_log : 2022_06_05_13_15_22
ckpt_path : ./lightning_logs/DeepTaR/chair/dfnet_wodepth_first/checkpoints/0000001000.ckpt

only_init_net : False
test_mode : average
start_frame_idx : 0
frame_sequence_num : 5
half_lambda_max : 3
test_optim_num : [5, 5, 5, 5, 5]
use_deep_optimizer : True
use_adam_optimizer : False
use_weighted_average : True

avg_err_pos : 0.00903370976448059
avg_err_scale : 0.024232439696788788
avg_err_axis_red : 3.2242116928100586
avg_err_axis_green : 1.7995833158493042
avg_err_depth : 0.08197371661663055
