time_log : 2022_06_01_11_37_21
ckpt_path : ./lightning_logs/DeepTaR/chair/dfnet_optN3/checkpoints/0000001500.ckpt

only_init_net : False
test_mode : average
start_frame_idx : 0
frame_sequence_num : 5
half_lambda_max : 3
test_optim_num : [3, 3, 3, 3, 3]
use_deep_optimizer : True
use_adam_optimizer : False
use_weighted_average : True

avg_err_pos : 0.0112257543395968
avg_err_scale : 0.030191241952814727
avg_err_axis_red : 3.0879715330644792
avg_err_axis_green : 2.2311641891273117
avg_err_depth : 0.08322852104902267
