script_name : test ori multi
time_log : 2022_07_25_06_19_00
ckpt_path : lightning_logs/DeepTaR/chair/dfnet_list0_randR05_sha_nn_liner_date0723/checkpoints/0000000500.ckpt
test_N_views : 8
test_instance_list_txt : instance_lists/kmean/kmeans0_test_list.txt

only_init_net : False
start_frame_idx : 0
itr_frame_num : 5
half_lambda_max : 0
optim_num : 5
init_mode : all
optim_mode : optimall

avg_err_pos   : 0.006032723933458328 : 0.005041631869971752
avg_err_scale : 0.019728876650333405 : 0.015134632587432861
avg_err_red   : 1.663877248764038 : 1.4166492223739624
avg_err_green : 1.2233843803405762 : 1.0358986854553223
avg_err_depth : 0.059513188898563385 : 0.05578454211354256
