script_name : val ori multi
time_log : 2022_07_25_02_39_01
ckpt_path : lightning_logs/DeepTaR/chair/dfnet_list0_randR05_origin_after_date0721/checkpoints/0000000300.ckpt
val_N_views : 8
val_instance_list_txt : instance_lists/kmean/kmeans0_test_list.txt

only_init_net : False
start_frame_idx : 0
itr_frame_num : 5
half_lambda_max : 0
optim_num : 7
init_mode : all
optim_mode : optimall

avg_err_pos   : 0.007893196307122707 : 0.0069686491042375565
avg_err_scale : 0.020092952996492386 : 0.016403794288635254
avg_err_red   : 1.9746477603912354 : 1.719364881515503
avg_err_green : 1.6308233737945557 : 1.4109755754470825
avg_err_depth : 0.06841874122619629 : 0.06514604389667511
