script_name : val adam multi
time_log : 2022_06_27_16_48_20
ckpt_path : lightning_logs/DeepTaR/chair/original_list0_0621/checkpoints/0000000500.ckpt
val_N_views : 32
val_instance_list_txt : instance_lists/kmean/top_256_kmeans_list_2.txt

only_init_net : False
start_frame_idx : 0
frame_sequence_num : 5
half_lambda_max : 3
itr_frame_num : 3

avg_err_pos   : 0.03595271334052086 : 0.03570175543427467
avg_err_scale : 0.0894685611128807 : 0.0892024040222168
avg_err_red   : 46.537166595458984 : 16.663604736328125
avg_err_green : 22.33161163330078 : 14.656967163085938
avg_err_depth : 0.2224813550710678 : 0.21343527734279633
