time_log : 2022_06_06_00_01_55
ckpt_path : ./lightning_logs/DeepTaR/chair/dfnet_first/checkpoints/0000001000.ckpt

only_init_net : False
test_mode : average
start_frame_idx : 0
frame_sequence_num : 5
half_lambda_max : 8
test_optim_num : [5, 5, 5, 5, 5]
use_deep_optimizer : True
use_adam_optimizer : False
use_weighted_average : True

avg_err_pos : 0.01202803198248148
avg_err_scale : 0.02841637283563614
avg_err_axis_red : 3.1060538291931152
avg_err_axis_green : 2.1838276386260986
avg_err_depth : 0.08719457685947418
