time_log : 2022_06_06_01_01_52
ckpt_path : ./lightning_logs/DeepTaR/chair/dfnet_wodepth_first/checkpoints/0000001000.ckpt

only_init_net : False
test_mode : average
start_frame_idx : 0
frame_sequence_num : 5
half_lambda_max : 3
test_optim_num : [3, 3, 3, 3, 3]
use_deep_optimizer : True
use_adam_optimizer : False
use_weighted_average : True

avg_err_pos : 0.009150119498372078
avg_err_scale : 0.02437646873295307
avg_err_axis_red : 3.2379369735717773
avg_err_axis_green : 1.8442095518112183
avg_err_depth : 0.08270192891359329
