script_name : val ori multi
time_log : 2022_07_18_12_58_53
ckpt_path : lightning_logs/DeepTaR/chair/dfnet_list0_randR05_trans_mlpQ_date0717/checkpoints/0000000600.ckpt
val_N_views : 32
val_instance_list_txt : instance_lists/kmean/kmeans0_test_list.txt

only_init_net : False
start_frame_idx : 0
itr_frame_num : 5
half_lambda_max : 0
optim_num : 7
init_mode : all
optim_mode : optimall

avg_err_pos   : 0.010078413411974907 : 0.007562801241874695
avg_err_scale : 0.020441673696041107 : 0.015502989292144775
avg_err_red   : 2.0320348739624023 : 1.5651679039001465
avg_err_green : 1.6941559314727783 : 1.4441490173339844
avg_err_depth : 0.07582548260688782 : 0.07238131761550903
