script_name : val adam multi
time_log : 2022_06_27_18_01_59
ckpt_path : lightning_logs/DeepTaR/chair/original_list0_0621/checkpoints/0000000500.ckpt
val_N_views : 32
val_instance_list_txt : instance_lists/kmean/top_256_kmeans_list_2.txt

only_init_net : False
start_frame_idx : 0
frame_sequence_num : 5
half_lambda_max : 3
itr_frame_num : 3

avg_err_pos   : 0.02338847890496254 : 0.02116222307085991
avg_err_scale : 0.07208939641714096 : 0.06567806005477905
avg_err_red   : 12.631608963012695 : 9.656100273132324
avg_err_green : 8.113508224487305 : 6.8844146728515625
avg_err_depth : 0.20003357529640198 : 0.20101213455200195
