script_name : val adam multi
time_log : 2022_06_26_00_58_31
ckpt_path : lightning_logs/DeepTaR/chair/original_list0_0621/checkpoints/0000000500.ckpt
val_N_views : 32
val_instance_list_txt : instance_lists/kmean/top_256_kmeans_list_1.txt

only_init_net : True
start_frame_idx : 0
frame_sequence_num : 5
half_lambda_max : 3
itr_frame_num : 3

avg_err_pos   : 0.022159509360790253 : 0.02049538493156433
avg_err_scale : 0.17827722430229187 : 0.1773163080215454
avg_err_red   : 36.10117721557617 : 19.521564483642578
avg_err_green : 9.98305892944336 : 7.211315631866455
avg_err_depth : 0.25875064730644226 : 0.2571752369403839
