time_log : 2022_06_06_10_41_21
ckpt_path : ./lightning_logs/DeepTaR/chair/dfnet_wodepth_first/checkpoints/0000001000.ckpt

only_init_net : True
test_mode : average
start_frame_idx : 0
frame_sequence_num : 5
half_lambda_max : 3
test_optim_num : [1, 1, 1, 1, 1]
use_deep_optimizer : True
use_adam_optimizer : False
use_weighted_average : False

avg_err_pos : 0.010946436785161495
avg_err_scale : 0.027148913592100143
avg_err_axis_red : 3.870654821395874
avg_err_axis_green : 2.5616118907928467
avg_err_depth : 0.09633243083953857
