time_log : 2022_08_23_14_24_09
ini_ckpt_path : non
rand_P_range : 0.3
rand_S_range : 0.3
rand_R_range : 1.5707963705062866
random_axis_num : 1024
rand_Z_sigma : 0.05
ckpt_path : lightning_logs/DeepTaR/chair/dfnet_transcls_after_list0_randR05_inpDepth_outObj_3layers/checkpoints/0000000008.ckpt
test_N_views : 16
test_instance_list_txt : /home/yyoshitake/works/DeepSDF/project/instance_lists/kmean/kmeans0_test_list.txt

only_init_net : False
start_frame_idx : 0
itr_frame_num : 5
half_lambda_max : 0
optim_num : 5
init_mode : all
optim_mode : optimall

avg_err_pos   : 0.009202771820127964 : 0.008460916578769684
avg_err_scale : 1.8477863073349 : 1.357643723487854
avg_err_red   : 2.551989793777466 : 2.294264793395996
avg_err_green : 1.9683775901794434 : 1.6821403503417969
avg_err_depth : 0.08458052575588226 : 0.08323366194963455
