script_name : test ori multi
time_log : 2022_07_26_06_19_18
ckpt_path : lightning_logs/DeepTaR/chair/dfnet_list2_randR05_mha_avg_date0723/checkpoints/0000000500.ckpt
test_N_views : 8
test_instance_list_txt : instance_lists/kmean/kmeans2_test_list.txt

only_init_net : False
start_frame_idx : 0
itr_frame_num : 5
half_lambda_max : 0
optim_num : 5
init_mode : all
optim_mode : optimall

avg_err_pos   : 0.012019624933600426 : 0.009266101755201817
avg_err_scale : 0.029105357825756073 : 0.018812179565429688
avg_err_red   : 2.855943202972412 : 2.059755325317383
avg_err_green : 2.4603772163391113 : 2.039128541946411
avg_err_depth : 0.09290637075901031 : 0.08888061344623566
