time_log : 2022_08_30_06_35_45
ini_ckpt_path : non
rand_P_range : 0.3
rand_S_range : 0.3
rand_R_range : 1.5707963705062866
random_axis_num : 1024
rand_Z_sigma : 0.05
ckpt_path : lightning_logs/DeepTaR/chair/transavg_list0randn_randR05_inpOSMap_outObj_pytorch_layers2/checkpoints/0000000017.ckpt
test_N_views : 32
test_instance_list_txt : /home/yyoshitake/works/DeepSDF/project/instance_lists/kmean/kmeans0_test_list.txt

only_init_net : False
start_frame_idx : 0
itr_frame_num : 3
half_lambda_max : 0
optim_num : 5
init_mode : all
optim_mode : optimall

avg_err_pos   : 0.014709528535604477 : 0.013196483254432678
avg_err_scale : 9.7357177734375 : 9.594060897827148
avg_err_red   : 2.9201650619506836 : 2.1238455772399902
avg_err_green : 2.0454330444335938 : 1.6996173858642578
avg_err_depth : 0.08729378134012222 : 0.08639370650053024
