time_log : 2022_08_21_17_17_20
ini_ckpt_path : non
rand_P_range : 0.3
rand_S_range : 0.3
rand_R_range : 1.5707963705062866
random_axis_num : 1024
rand_Z_sigma : 0.05
ckpt_path : lightning_logs/DeepTaR/chair/dfnet_transavg_after_list0_randR05_inpOSMap_outObj_1layers/checkpoints/0000000010.ckpt
test_N_views : 16
test_instance_list_txt : /home/yyoshitake/works/DeepSDF/project/instance_lists/kmean/kmeans0_test_list.txt

only_init_net : False
start_frame_idx : 0
itr_frame_num : 5
half_lambda_max : 0
optim_num : 5
init_mode : all
optim_mode : optimall

avg_err_pos   : 0.006868424825370312 : 0.005774402059614658
avg_err_scale : 2.214177370071411 : 1.8556241989135742
avg_err_red   : 1.4354815483093262 : 1.1327193975448608
avg_err_green : 1.755968689918518 : 1.4511107206344604
avg_err_depth : 0.07416779547929764 : 0.0691635012626648
