script_name : val adam multi
time_log : 2022_06_26_00_37_40
ckpt_path : lightning_logs/DeepTaR/chair/progressive_list0_0621/checkpoints/0000000500.ckpt
val_N_views : 32
val_instance_list_txt : instance_lists/kmean/top_256_kmeans_list_2.txt

only_init_net : False
start_frame_idx : 0
frame_sequence_num : 5
half_lambda_max : 3

avg_err_pos   : 0.017846131697297096 : 0.014111341908574104
avg_err_scale : 0.05458623915910721 : 0.04038667678833008
avg_err_red   : 8.223617553710938 : 3.7213642597198486
avg_err_green : 6.841244697570801 : 4.963292598724365
avg_err_depth : 0.1491703987121582 : 0.15223132073879242

avg_err_pos   : 0.018012866377830505 : 0.015125016681849957
avg_err_scale : 0.049776144325733185 : 0.038457393646240234
avg_err_red   : 5.962993621826172 : 3.445828437805176
avg_err_green : 7.093666076660156 : 6.060389041900635
avg_err_depth : 0.15263275802135468 : 0.15718352794647217
