time_log : 2022_06_06_02_35_10
ckpt_path : ./lightning_logs/DeepTaR/chair/dfnet_wodepth_first/checkpoints/0000001000.ckpt

only_init_net : False
test_mode : average
start_frame_idx : 0
frame_sequence_num : 3
half_lambda_max : 3
test_optim_num : [5, 5, 5, 5, 5]
use_deep_optimizer : True
use_adam_optimizer : False
use_weighted_average : True

avg_err_pos : 0.009523401968181133
avg_err_scale : 0.025140659883618355
avg_err_axis_red : 3.449233293533325
avg_err_axis_green : 2.0406136512756348
avg_err_depth : 0.08372113108634949
