script_name : val ori multi
time_log : 2022_07_23_06_33_03
ckpt_path : lightning_logs/DeepTaR/chair/dfnet_list0_randR05_mha_avg_date0721/checkpoints/0000000500.ckpt
val_N_views : 16
val_instance_list_txt : instance_lists/kmean/kmeans0_test_list.txt

only_init_net : False
start_frame_idx : 0
itr_frame_num : 5
half_lambda_max : 0
optim_num : 7
init_mode : all
optim_mode : optimall

avg_err_pos   : 0.0065498328767716885 : 0.005604890640825033
avg_err_scale : 0.016475407406687737 : 0.012205779552459717
avg_err_red   : 1.4582951068878174 : 1.2108731269836426
avg_err_green : 1.2484328746795654 : 1.0453946590423584
avg_err_depth : 0.05891822651028633 : 0.05522880703210831
