script_name : val adam multi
time_log : 2022_06_26_05_25_48
ckpt_path : lightning_logs/DeepTaR/chair/progressivewfd_list0_0621/checkpoints/0000000500.ckpt
val_N_views : 32
val_instance_list_txt : instance_lists/kmean/top_256_kmeans_list_1.txt

only_init_net : False
start_frame_idx : 0
frame_sequence_num : 5
half_lambda_max : 3
itr_frame_num : 3

avg_err_pos   : 0.028132038190960884 : 0.02552812546491623
avg_err_scale : 0.09543372690677643 : 0.07766807079315186
avg_err_red   : 50.48463439941406 : 31.55286979675293
avg_err_green : 15.9531888961792 : 10.948734283447266
avg_err_depth : 0.1732398271560669 : 0.16846351325511932
