time_log : 2022_07_26_09_52_21
ini_ckpt_path : lightning_logs/DeepTaR/chair/initnet_list2_date0705/checkpoints/0000000300.ckpt
ckpt_path : lightning_logs/DeepTaR/chair/dfnet_list2_randR05_origin_after_date0723/checkpoints/0000000520.ckpt
test_N_views : 8
test_instance_list_txt : instance_lists/kmean/kmeans2_test_list.txt

only_init_net : False
start_frame_idx : 0
itr_frame_num : 5
half_lambda_max : 0
optim_num : 5
init_mode : all
optim_mode : optimall

avg_err_pos   : 0.015838241204619408 : 0.0100723160430789
avg_err_scale : 0.04545631259679794 : 0.03490936756134033
avg_err_red   : 2.878539562225342 : 1.9660261869430542
avg_err_green : 3.353013515472412 : 2.4574220180511475
avg_err_depth : 0.098514124751091 : 0.09291644394397736
