script_name : test ori multi
time_log : 2022_07_25_08_43_24
ckpt_path : lightning_logs/DeepTaR/chair/dfnet_list0_randR05_sha_before_date0723/checkpoints/0000000400.ckpt
test_N_views : 8
test_instance_list_txt : instance_lists/kmean/kmeans0_test_list.txt

only_init_net : False
start_frame_idx : 0
itr_frame_num : 5
half_lambda_max : 0
optim_num : 5
init_mode : all
optim_mode : optimall

avg_err_pos   : 0.00607882346957922 : 0.005097708664834499
avg_err_scale : 0.01698358729481697 : 0.01316988468170166
avg_err_red   : 1.7321743965148926 : 1.4577677249908447
avg_err_green : 1.30386483669281 : 1.1041126251220703
avg_err_depth : 0.06159534305334091 : 0.05849805846810341
