script_name : val adam multi
time_log : 2022_06_26_06_24_32
ckpt_path : lightning_logs/DeepTaR/chair/original_list0_0621/checkpoints/0000000500.ckpt
val_N_views : 32
val_instance_list_txt : instance_lists/kmean/top_256_kmeans_list_1.txt

only_init_net : False
start_frame_idx : 0
frame_sequence_num : 5
half_lambda_max : 3
itr_frame_num : 3

avg_err_pos   : 0.024670105427503586 : 0.023473866283893585
avg_err_scale : 0.12388712167739868 : 0.12081372737884521
avg_err_red   : 32.21111297607422 : 12.130584716796875
avg_err_green : 8.155500411987305 : 5.521267414093018
avg_err_depth : 0.24600721895694733 : 0.25213637948036194
