time_log : 2022_07_26_07_16_33
ini_ckpt_path : lightning_logs/DeepTaR/chair/initnet_list2_date0705/checkpoints/0000000300.ckpt
ckpt_path : lightning_logs/DeepTaR/chair/dfnet_list2_randR05_mha_avg_date0723/checkpoints/0000000350.ckpt
test_N_views : 8
test_instance_list_txt : instance_lists/kmean/kmeans2_test_list.txt

only_init_net : False
start_frame_idx : 0
itr_frame_num : 5
half_lambda_max : 0
optim_num : 5
init_mode : all
optim_mode : optimall

avg_err_pos   : 0.010253657586872578 : 0.008752554655075073
avg_err_scale : 0.027809852734208107 : 0.022116780281066895
avg_err_red   : 2.83553409576416 : 2.0997962951660156
avg_err_green : 2.7346291542053223 : 2.3645505905151367
avg_err_depth : 0.09255550056695938 : 0.08924053609371185
