script_name : val adam multi
time_log : 2022_07_08_12_32_48
ckpt_path : lightning_logs/DeepTaR/chair/dfnet_list0_date0707/checkpoints/0000000300.ckpt
val_N_views : 32
val_instance_list_txt : instance_lists/kmean/kmeans2_test_list.txt

only_init_net : True
start_frame_idx : 0
itr_frame_num : 5
half_lambda_max : 3
optim_num : 5

avg_err_pos   : 0.01972610503435135 : 0.017788439989089966
avg_err_scale : 0.04855476692318916 : 0.039463967084884644
avg_err_red   : 10.099011421203613 : 7.635749816894531
avg_err_green : 5.786398887634277 : 4.780162811279297
avg_err_depth : 0.15186506509780884 : 0.14967110753059387
