time_log : 2022_08_29_17_39_41
ini_ckpt_path : non
rand_P_range : 0.3
rand_S_range : 0.3
rand_R_range : 1.5707963705062866
random_axis_num : 1024
rand_Z_sigma : 0.05
ckpt_path : lightning_logs/DeepTaR/chair/transavg_list0fixed_randR05_inpOSMap_outObj_pytorch_layers2/checkpoints/0000000013.ckpt
test_N_views : 32
test_instance_list_txt : /home/yyoshitake/works/DeepSDF/project/instance_lists/kmean/kmeans0_test_list.txt

only_init_net : False
start_frame_idx : 0
itr_frame_num : 3
half_lambda_max : 0
optim_num : 5
init_mode : all
optim_mode : optimall

avg_err_pos   : 0.010156378149986267 : 0.009146743454039097
avg_err_scale : 6.3632097244262695 : 6.293020248413086
avg_err_red   : 1.9864749908447266 : 1.5867743492126465
avg_err_green : 1.5774292945861816 : 1.3647987842559814
avg_err_depth : 0.07607017457485199 : 0.07426337152719498
