script_name : val adam multi
time_log : 2022_07_06_15_51_50
ckpt_path : lightning_logs/DeepTaR/chair/initnet_list0_date0705/checkpoints/0000000200.ckpt
val_N_views : 32
val_instance_list_txt : instance_lists/kmean/kmeans0_test_list.txt

start_frame_idx : 0
frame_sequence_num : 5
grad_optim_max : 50
shape_code_reg : 0.1
adam_step_ratio : 0.01

avg_err_pos   : 0.008640654385089874 : 0.006598338484764099
avg_err_scale : 0.04253174364566803 : 0.036906421184539795
avg_err_red   : 4.963994026184082 : 3.856330394744873
avg_err_green : 1.3516499996185303 : 0.9939643740653992
avg_err_depth : 0.07076754420995712 : 0.06409633159637451
