script_name : val adam multi
time_log : 2022_06_26_05_56_45
ckpt_path : lightning_logs/DeepTaR/chair/progressive_list0_0621/checkpoints/0000000500.ckpt
val_N_views : 32
val_instance_list_txt : instance_lists/kmean/top_256_kmeans_list_0.txt

only_init_net : False
start_frame_idx : 0
frame_sequence_num : 5
half_lambda_max : 3
itr_frame_num : 3

avg_err_pos   : 0.004259446170181036 : 0.0034246311988681555
avg_err_scale : 0.0161285363137722 : 0.012371659278869629
avg_err_red   : 1.3349663019180298 : 1.1813430786132812
avg_err_green : 0.9639484882354736 : 0.8579778671264648
avg_err_depth : 0.03824705630540848 : 0.03475412353873253
