time_log : 2022_06_10_20_26_44
ckpt_path : ./lightning_logs/DeepTaR/chair/dfnet_wodepth_first/checkpoints/0000001000.ckpt

only_init_net : False
test_mode : average
start_frame_idx : 0
frame_sequence_num : 5
half_lambda_max : 3
test_optim_num : 3
use_deep_optimizer : True
use_adam_optimizer : False
use_weighted_average : False

avg_err_pos : 0.008306412026286125
avg_err_scale : 0.022861015051603317
avg_err_axis_red : 2.935479164123535
avg_err_axis_green : 1.7823463678359985
avg_err_depth : 0.08070671558380127
