time_log : 2022_08_30_20_29_35
ini_ckpt_path : non
rand_P_range : 0.3
rand_S_range : 0.3
rand_R_range : 1.5707963705062866
random_axis_num : 1024
rand_Z_sigma : 0.05
ckpt_path : lightning_logs/DeepTaR/chair/baseline_list0fixed_randR05_inpOSMap_outObj_cnn01_after/checkpoints/0000000012.ckpt
test_N_views : 8
test_instance_list_txt : /home/yyoshitake/works/DeepSDF/project/instance_lists/kmean/kmeans0_test_list.txt

only_init_net : False
start_frame_idx : 0
itr_frame_num : 3
half_lambda_max : 0
optim_num : 1
init_mode : all
optim_mode : optimall

avg_err_pos   : 0.04168051481246948 : 0.03612743318080902
avg_err_scale : 20.80124855041504 : 17.151620864868164
avg_err_red   : 15.881013870239258 : 12.03842544555664
avg_err_green : 12.403524398803711 : 10.238992691040039
avg_err_depth : 0.11061808466911316 : 0.10850293189287186
var_pos_wrd            : 0.0011296109 : 0.0004952635
var_obj_axis_green_wrd : 0.07752038 : 0.034730427
var_obj_axis_red_wrd   : 0.101053156 : 0.04596375
var_scale              : 0.014614439 : 0.0014817461
var_shape_code         : 0.00042656017 : 0.00020337253
