script_name : val ori multi
time_log : 2022_07_23_08_13_20
ckpt_path : lightning_logs/DeepTaR/chair/dfnet_list0_randR05_mha_avg_learned_weighted_date0721/checkpoints/0000000700.ckpt
val_N_views : 16
val_instance_list_txt : instance_lists/kmean/kmeans0_test_list.txt

only_init_net : False
start_frame_idx : 0
itr_frame_num : 5
half_lambda_max : 0
optim_num : 7
init_mode : all
optim_mode : optimall

avg_err_pos   : 0.007682549301534891 : 0.005201570689678192
avg_err_scale : 0.02485978603363037 : 0.020646870136260986
avg_err_red   : 1.7273712158203125 : 1.4697363376617432
avg_err_green : 1.3607994318008423 : 1.14620041847229
avg_err_depth : 0.05742338299751282 : 0.052727699279785156
