time_log : 2022_08_23_12_46_27
ini_ckpt_path : non
rand_P_range : 0.3
rand_S_range : 0.3
rand_R_range : 1.5707963705062866
random_axis_num : 1024
rand_Z_sigma : 0.05
ckpt_path : lightning_logs/DeepTaR/chair/dfnet_transcls_after_list0_randR05_inpDepth_outObj_1layers/checkpoints/0000000011.ckpt
test_N_views : 16
test_instance_list_txt : /home/yyoshitake/works/DeepSDF/project/instance_lists/kmean/kmeans0_test_list.txt

only_init_net : False
start_frame_idx : 0
itr_frame_num : 5
half_lambda_max : 0
optim_num : 5
init_mode : all
optim_mode : optimall

avg_err_pos   : 0.008068596944212914 : 0.007089648395776749
avg_err_scale : 2.2001025676727295 : 1.8915220499038696
avg_err_red   : 1.70908522605896 : 1.5349948406219482
avg_err_green : 2.298725128173828 : 2.045548915863037
avg_err_depth : 0.08008567988872528 : 0.08077168464660645
