time_log : 2022_07_26_09_51_05
ini_ckpt_path : lightning_logs/DeepTaR/chair/initnet_list2_date0705/checkpoints/0000000300.ckpt
ckpt_path : lightning_logs/DeepTaR/chair/dfnet_list2_randR05_sha_date0723/checkpoints/0000000520.ckpt
test_N_views : 8
test_instance_list_txt : instance_lists/kmean/kmeans2_test_list.txt

only_init_net : False
start_frame_idx : 0
itr_frame_num : 5
half_lambda_max : 0
optim_num : 5
init_mode : all
optim_mode : optimall

avg_err_pos   : 0.09772078692913055 : 0.008782932534813881
avg_err_scale : 0.027689848095178604 : 0.020112037658691406
avg_err_red   : 2.704836368560791 : 1.987067699432373
avg_err_green : 2.706881284713745 : 2.3766045570373535
avg_err_depth : 0.09375281631946564 : 0.08879120647907257
