script_name : val deep multi
time_log : 2022_06_20_00_04_59
ckpt_path : lightning_logs/DeepTaR/chair/dfnetwfd_list0_later/checkpoints/0000001000.ckpt
val_N_views : 32
val_instance_list_txt : instance_lists/kmean/top_256_kmeans_list_2.txt

only_init_net : False
start_frame_idx : 0
frame_sequence_num : 3
half_lambda_max : 3
test_optim_num : 5

avg_err_pos : 0.01978430338203907
avg_err_scale : 0.06271949410438538
avg_err_axis_red : 7.422698974609375
avg_err_axis_green : 9.051780700683594
avg_err_depth : 0.14225512742996216
