time_log : 2022_06_05_12_41_57
ckpt_path : ./lightning_logs/DeepTaR/chair/dfnet_wodepth_first/checkpoints/0000001000.ckpt

only_init_net : True
test_mode : average
start_frame_idx : 0
frame_sequence_num : 5
half_lambda_max : 3
test_optim_num : [1, 1, 1, 1, 1]
use_deep_optimizer : True
use_adam_optimizer : False
use_weighted_average : True

avg_err_pos : 0.011118881404399872
avg_err_scale : 0.02727550081908703
avg_err_axis_red : 3.8321266174316406
avg_err_axis_green : 2.563983678817749
avg_err_depth : 0.09663304686546326
