script_name : val deep multi
time_log : 2022_06_20_00_58_07
ckpt_path : lightning_logs/DeepTaR/chair/dfnet_list0_date0616/checkpoints/0000001400.ckpt
val_N_views : 32
val_instance_list_txt : instance_lists/kmean/top_256_kmeans_list_1.txt

only_init_net : False
start_frame_idx : 0
frame_sequence_num : 3
half_lambda_max : 3
test_optim_num : 5

avg_err_pos : 0.024883341044187546
avg_err_scale : 0.09300009161233902
avg_err_axis_red : 31.525365829467773
avg_err_axis_green : 7.505423069000244
avg_err_depth : 0.21713067591190338
