script_name : val ori multi
time_log : 2022_07_23_06_31_18
ckpt_path : lightning_logs/DeepTaR/chair/dfnet_list0_randR05_sha_date0721/checkpoints/0000000500.ckpt
val_N_views : 16
val_instance_list_txt : instance_lists/kmean/kmeans0_test_list.txt

only_init_net : False
start_frame_idx : 0
itr_frame_num : 5
half_lambda_max : 0
optim_num : 7
init_mode : all
optim_mode : optimall

avg_err_pos   : 0.006876863539218903 : 0.005784626118838787
avg_err_scale : 0.017172804102301598 : 0.012512683868408203
avg_err_red   : 1.5242416858673096 : 1.2857269048690796
avg_err_green : 1.296422004699707 : 1.091636061668396
avg_err_depth : 0.06093807518482208 : 0.0570707805454731
