time_log : 2022_06_13_03_02_11
ckpt_path : ./lightning_logs/DeepTaR/chair/dfnet_first/checkpoints/0000001000.ckpt

only_init_net : False
test_mode : average
start_frame_idx : 0
frame_sequence_num : 5
half_lambda_max : 3
test_optim_num : [2, 2, 2, 2, 2]
use_deep_optimizer : False
use_adam_optimizer : True
use_weighted_average : False

avg_err_pos : 0.010874256190045154
avg_err_scale : 0.029519938130659697
avg_err_axis_red : 2.990713102054678
avg_err_axis_green : 2.039732921513225
avg_err_depth : 0.07532941550016403
