script_name : val deep multi
time_log : 2022_06_19_19_34_29
ckpt_path : lightning_logs/DeepTaR/chair/dfnet_list0_date0616/checkpoints/0000001200.ckpt
val_N_views : 32
val_instance_list_txt : instance_lists/kmean/top_256_kmeans_list_3.txt

only_init_net : False
start_frame_idx : 0
frame_sequence_num : 3
half_lambda_max : 3
test_optim_num : 5

avg_err_pos : 0.014509687200188637
avg_err_scale : 0.04105636849999428
avg_err_axis_red : 3.1840529441833496
avg_err_axis_green : 2.042757987976074
avg_err_depth : 0.09590893983840942
