script_name : val adam multi
time_log : 2022_06_29_04_10_34
ckpt_path : lightning_logs/DeepTaR/chair/progressivewfd_list0_0621/checkpoints/0000000500.ckpt
val_N_views : 32
val_instance_list_txt : instance_lists/kmean/top_256_kmeans_list_3.txt

only_init_net : False
start_frame_idx : 0
frame_sequence_num : 5
half_lambda_max : 3
itr_frame_num : 3

avg_err_pos   : 0.008013082668185234 : 0.005723660811781883
avg_err_scale : 0.029927194118499756 : 0.019594788551330566
avg_err_red   : 2.000079870223999 : 1.3644400835037231
avg_err_green : 1.4320549964904785 : 0.9962257146835327
avg_err_depth : 0.0649796724319458 : 0.060075726360082626
