time_log : 2022_08_21_18_11_28
ini_ckpt_path : non
rand_P_range : 0.3
rand_S_range : 0.3
rand_R_range : 1.5707963705062866
random_axis_num : 1024
rand_Z_sigma : 0.05
ckpt_path : lightning_logs/DeepTaR/chair/dfnet_transavg_after_list0_randR05_inpOSMap_outObj_2layers/checkpoints/0000000010.ckpt
test_N_views : 16
test_instance_list_txt : /home/yyoshitake/works/DeepSDF/project/instance_lists/kmean/kmeans0_test_list.txt

only_init_net : False
start_frame_idx : 0
itr_frame_num : 5
half_lambda_max : 0
optim_num : 5
init_mode : all
optim_mode : optimall

avg_err_pos   : 0.006556120701134205 : 0.005360804498195648
avg_err_scale : 2.269935369491577 : 1.9034126996994019
avg_err_red   : 1.3231821060180664 : 1.0770182609558105
avg_err_green : 1.8755860328674316 : 1.6253395080566406
avg_err_depth : 0.07049670815467834 : 0.06729630380868912
