time_log : 2022_08_23_13_35_29
ini_ckpt_path : non
rand_P_range : 0.3
rand_S_range : 0.3
rand_R_range : 1.5707963705062866
random_axis_num : 1024
rand_Z_sigma : 0.05
ckpt_path : lightning_logs/DeepTaR/chair/dfnet_transcls_after_list0_randR05_inpDepth_outObj_2layers/checkpoints/0000000012.ckpt
test_N_views : 16
test_instance_list_txt : /home/yyoshitake/works/DeepSDF/project/instance_lists/kmean/kmeans0_test_list.txt

only_init_net : False
start_frame_idx : 0
itr_frame_num : 5
half_lambda_max : 0
optim_num : 5
init_mode : all
optim_mode : optimall

avg_err_pos   : 0.00807797722518444 : 0.007168012671172619
avg_err_scale : 2.016005516052246 : 1.637845516204834
avg_err_red   : 1.8331637382507324 : 1.655580759048462
avg_err_green : 2.132753849029541 : 1.8904638290405273
avg_err_depth : 0.07950922846794128 : 0.07833525538444519
