time_log : 2022_08_21_19_01_57
ini_ckpt_path : non
rand_P_range : 0.3
rand_S_range : 0.3
rand_R_range : 1.5707963705062866
random_axis_num : 1024
rand_Z_sigma : 0.05
ckpt_path : lightning_logs/DeepTaR/chair/dfnet_transavg_after_list0_randR05_inpOSMap_outObj_3layers/checkpoints/0000000010.ckpt
test_N_views : 16
test_instance_list_txt : /home/yyoshitake/works/DeepSDF/project/instance_lists/kmean/kmeans0_test_list.txt

only_init_net : False
start_frame_idx : 0
itr_frame_num : 5
half_lambda_max : 0
optim_num : 5
init_mode : all
optim_mode : optimall

avg_err_pos   : 0.007100400980561972 : 0.006130896508693695
avg_err_scale : 3.03417706489563 : 2.7253592014312744
avg_err_red   : 1.591180682182312 : 1.3043124675750732
avg_err_green : 1.6032006740570068 : 1.2865636348724365
avg_err_depth : 0.07525570690631866 : 0.07325151562690735
