script_name : val deep multi
time_log : 2022_06_17_08_41_05
ckpt_path : lightning_logs/DeepTaR/chair/dfnetwfd_list0_date0616/checkpoints/0000001200.ckpt
val_N_views : 32
val_instance_list_txt : instance_lists/kmean/top_256_kmeans_list_3.txt

only_init_net : False
start_frame_idx : 0
frame_sequence_num : 3
half_lambda_max : 3
test_optim_num : 5

avg_err_pos : 0.010341043584048748
avg_err_scale : 0.038249894976615906
avg_err_axis_red : 2.332940101623535
avg_err_axis_green : 1.8088630437850952
avg_err_depth : 0.06899071484804153
