script_name : val adam multi
time_log : 2022_07_09_15_22_23
ckpt_path : lightning_logs/DeepTaR/chair/initnet_list0_date0705/checkpoints/0000000500.ckpt
val_N_views : 32
val_instance_list_txt : instance_lists/kmean/kmeans0_test_list.txt

start_frame_idx : 0
frame_sequence_num : 5
grad_optim_max : 50
shape_code_reg : 0.0
adam_step_ratio : 0.01

avg_err_pos   : 0.006770693697035313 : 0.004789459053426981
avg_err_scale : 0.024011675268411636 : 0.016064196825027466
avg_err_red   : 3.5998950004577637 : 2.6549437046051025
avg_err_green : 0.9152039885520935 : 0.5929781198501587
avg_err_depth : 0.04891481250524521 : 0.04183390364050865
