script_name : val adam multi
time_log : 2022_06_26_06_04_12
ckpt_path : lightning_logs/DeepTaR/chair/original_list0_0621/checkpoints/0000000500.ckpt
val_N_views : 32
val_instance_list_txt : instance_lists/kmean/top_256_kmeans_list_4.txt

only_init_net : False
start_frame_idx : 0
frame_sequence_num : 5
half_lambda_max : 3
itr_frame_num : 3

avg_err_pos   : 0.013470287434756756 : 0.011401839554309845
avg_err_scale : 0.03270214796066284 : 0.0262032151222229
avg_err_red   : 6.566746711730957 : 2.787198781967163
avg_err_green : 3.438037872314453 : 2.452878475189209
avg_err_depth : 0.13604089617729187 : 0.13101164996623993
