time_log : 2022_07_26_08_51_46
ini_ckpt_path : lightning_logs/DeepTaR/chair/initnet_list2_date0705/checkpoints/0000000300.ckpt
ckpt_path : lightning_logs/DeepTaR/chair/dfnet_list2_randR05_origin_after_date0723/checkpoints/0000000300.ckpt
test_N_views : 8
test_instance_list_txt : instance_lists/kmean/kmeans2_test_list.txt

only_init_net : False
start_frame_idx : 0
itr_frame_num : 5
half_lambda_max : 0
optim_num : 5
init_mode : all
optim_mode : optimall

avg_err_pos   : 0.05967302992939949 : 0.015487747266888618
avg_err_scale : 0.1367306411266327 : 0.0665581226348877
avg_err_red   : 9.594905853271484 : 3.286433458328247
avg_err_green : 7.246102809906006 : 3.447333335876465
avg_err_depth : 0.1402774155139923 : 0.12503211200237274
