script_name : test ori multi
time_log : 2022_07_26_06_19_47
ckpt_path : lightning_logs/DeepTaR/chair/dfnet_list2_randR05_mha_avg_learned_weighted_date0723/checkpoints/0000000500.ckpt
test_N_views : 8
test_instance_list_txt : instance_lists/kmean/kmeans2_test_list.txt

only_init_net : False
start_frame_idx : 0
itr_frame_num : 5
half_lambda_max : 0
optim_num : 5
init_mode : all
optim_mode : optimall

avg_err_pos   : 0.023288296535611153 : 0.008530303835868835
avg_err_scale : 0.03227725625038147 : 0.020232796669006348
avg_err_red   : 3.122361183166504 : 1.8848130702972412
avg_err_green : 2.750427722930908 : 2.062319278717041
avg_err_depth : 0.0961756557226181 : 0.09016114473342896
