script_name : val deep multi
time_log : 2022_06_17_18_00_10
ckpt_path : lightning_logs/DeepTaR/chair/initnet_list0_date0616/checkpoints/0000001500.ckpt
val_N_views : 32
val_instance_list_txt : instance_lists/kmean/top_256_kmeans_list_3.txt

only_init_net : True
start_frame_idx : 0
frame_sequence_num : 3
half_lambda_max : 3
test_optim_num : 1

avg_err_pos : 0.013183592818677425
avg_err_scale : 0.0452994629740715
avg_err_axis_red : 3.498779296875
avg_err_axis_green : 2.710314989089966
avg_err_depth : 0.10771332681179047
