script_name : val adam multi
time_log : 2022_06_24_07_46_48
ckpt_path : lightning_logs/DeepTaR/chair/progressive_list0_0621/checkpoints/0000000500.ckpt
val_N_views : 32
val_instance_list_txt : instance_lists/kmean/top_256_kmeans_list_3.txt

only_init_net : False
start_frame_idx : 0
frame_sequence_num : 5
half_lambda_max : 3
itr_frame_num : 3

avg_err_pos   : 0.009666891768574715 : 0.007198198698461056
avg_err_scale : 0.048930831253528595 : 0.038443565368652344
avg_err_red   : 3.8514904975891113 : 2.021972417831421
avg_err_green : 1.6691577434539795 : 1.2210919857025146
avg_err_depth : 0.08766375482082367 : 0.08608897030353546
