time_log : 2022_07_26_09_21_57
ini_ckpt_path : lightning_logs/DeepTaR/chair/initnet_list2_date0705/checkpoints/0000000300.ckpt
ckpt_path : lightning_logs/DeepTaR/chair/dfnet_list2_randR05_origin_after_date0723/checkpoints/0000000450.ckpt
test_N_views : 8
test_instance_list_txt : instance_lists/kmean/kmeans2_test_list.txt

only_init_net : False
start_frame_idx : 0
itr_frame_num : 5
half_lambda_max : 0
optim_num : 5
init_mode : all
optim_mode : optimall

avg_err_pos   : 0.07058855891227722 : 0.0099820327013731
avg_err_scale : 0.039616502821445465 : 0.021611660718917847
avg_err_red   : 8.006532669067383 : 2.0350453853607178
avg_err_green : 7.171533584594727 : 2.2544643878936768
avg_err_depth : 0.10967209190130234 : 0.09417641907930374
