script_name : test ori multi
time_log : 2022_07_26_06_19_53
ckpt_path : lightning_logs/DeepTaR/chair/dfnet_list2_randR05_origin_after_date0723/checkpoints/0000000500.ckpt
test_N_views : 8
test_instance_list_txt : instance_lists/kmean/kmeans2_test_list.txt

only_init_net : False
start_frame_idx : 0
itr_frame_num : 5
half_lambda_max : 0
optim_num : 5
init_mode : all
optim_mode : optimall

avg_err_pos   : 0.03617273271083832 : 0.013499890454113483
avg_err_scale : 0.044881608337163925 : 0.028322041034698486
avg_err_red   : 7.733453750610352 : 2.7147254943847656
avg_err_green : 11.854227066040039 : 2.9517982006073
avg_err_depth : 0.1311369240283966 : 0.1180187240242958
