time_log : 2022_06_08_23_07_35
ckpt_path : ./lightning_logs/DeepTaR/chair/dfnet_first/checkpoints/0000001000.ckpt

only_init_net : False
test_mode : average
start_frame_idx : 0
frame_sequence_num : 5
half_lambda_max : 4
test_optim_num : 5
use_deep_optimizer : True
use_adam_optimizer : False
use_weighted_average : False

avg_err_pos : 0.01140713319182396
avg_err_scale : 0.027626261115074158
avg_err_axis_red : 2.793067693710327
avg_err_axis_green : 2.065953016281128
avg_err_depth : 0.08496315032243729
