script_name : val deep multi
time_log : 2022_06_18_00_39_44
ckpt_path : lightning_logs/DeepTaR/chair/initnet_list0_date0616/checkpoints/0000001500.ckpt
val_N_views : 32
val_instance_list_txt : instance_lists/kmean/top_256_kmeans_list_1.txt

only_init_net : True
start_frame_idx : 0
frame_sequence_num : 3
half_lambda_max : 3
test_optim_num : 1

avg_err_pos : 0.025052271783351898
avg_err_scale : 0.1564297378063202
avg_err_axis_red : 34.359771728515625
avg_err_axis_green : 9.490849494934082
avg_err_depth : 0.24520039558410645
