script_name : val adam multi
time_log : 2022_07_10_00_30_30
ckpt_path : lightning_logs/DeepTaR/chair/dfnet_list0_date0707/checkpoints/0000000700.ckpt
val_N_views : 32
val_instance_list_txt : instance_lists/kmean/kmeans0_test_list.txt

only_init_net : True
start_frame_idx : 0
itr_frame_num : 5
half_lambda_max : 3
optim_num : 5

avg_err_pos   : 0.013138657435774803 : 0.012007644400000572
avg_err_scale : 0.03525558114051819 : 0.02831023931503296
avg_err_red   : 3.8200831413269043 : 3.0751709938049316
avg_err_green : 3.483182907104492 : 3.122206211090088
avg_err_depth : 0.10218852013349533 : 0.10095447301864624
