script_name : val deep multi
time_log : 2022_06_17_08_41_43
ckpt_path : lightning_logs/DeepTaR/chair/dfnet_list0_date0616/checkpoints/0000001200.ckpt
val_N_views : 32
val_instance_list_txt : instance_lists/kmean/top_256_kmeans_list_2.txt

only_init_net : False
start_frame_idx : 0
frame_sequence_num : 3
half_lambda_max : 3
test_optim_num : 5

avg_err_pos : 0.02043815702199936
avg_err_scale : 0.05499161779880524
avg_err_axis_red : 7.830821990966797
avg_err_axis_green : 8.209583282470703
avg_err_depth : 0.15070345997810364
