time_log : 2022_06_06_11_52_06
ckpt_path : ./lightning_logs/DeepTaR/chair/initnet_first/checkpoints/0000000960.ckpt

only_init_net : True
test_mode : average
start_frame_idx : 0
frame_sequence_num : 3
half_lambda_max : 3
test_optim_num : [1, 1, 1, 1, 1]
use_deep_optimizer : True
use_adam_optimizer : False
use_weighted_average : True

avg_err_pos : 0.012107142247259617
avg_err_scale : 0.02982708066701889
avg_err_axis_red : 4.463270664215088
avg_err_axis_green : 2.8752312660217285
avg_err_depth : 0.10099396854639053
