time_log : 2022_06_13_03_02_05
ckpt_path : ./lightning_logs/DeepTaR/chair/dfnet_first/checkpoints/0000001000.ckpt

only_init_net : False
test_mode : average
start_frame_idx : 0
frame_sequence_num : 5
half_lambda_max : 3
test_optim_num : [2, 2, 2, 2, 2]
use_deep_optimizer : False
use_adam_optimizer : True
use_weighted_average : False

avg_err_pos : 0.010629576565243777
avg_err_scale : 0.028958354657388056
avg_err_axis_red : 2.676455789890999
avg_err_axis_green : 1.9134469259943627
avg_err_depth : 0.07621967047452927
