script_name : val adam multi
time_log : 2022_06_26_01_16_18
ckpt_path : lightning_logs/DeepTaR/chair/progressivewfd_list0_0621/checkpoints/0000001000.ckpt
val_N_views : 32
val_instance_list_txt : instance_lists/kmean/top_256_kmeans_list_0.txt

only_init_net : False
start_frame_idx : 0
frame_sequence_num : 5
half_lambda_max : 3
itr_frame_num : 3

avg_err_pos   : 0.003020455129444599 : 0.0022113469894975424
avg_err_scale : 0.010195950977504253 : 0.006219983100891113
avg_err_red   : 1.0027005672454834 : 0.8372002243995667
avg_err_green : 0.4950782060623169 : 0.36207687854766846
avg_err_depth : 0.027801211923360825 : 0.02241731621325016
