time_log : 2022_07_26_07_52_39
ini_ckpt_path : lightning_logs/DeepTaR/chair/initnet_list2_date0705/checkpoints/0000000300.ckpt
ckpt_path : lightning_logs/DeepTaR/chair/dfnet_list2_randR05_origin_after_date0723/checkpoints/0000000400.ckpt
test_N_views : 8
test_instance_list_txt : instance_lists/kmean/kmeans2_test_list.txt

only_init_net : False
start_frame_idx : 0
itr_frame_num : 5
half_lambda_max : 0
optim_num : 5
init_mode : all
optim_mode : optimall

avg_err_pos   : 0.013652714900672436 : 0.010096974670886993
avg_err_scale : 0.03759634867310524 : 0.03151962161064148
avg_err_red   : 3.63277530670166 : 2.335692882537842
avg_err_green : 3.8760297298431396 : 2.7336244583129883
avg_err_depth : 0.10127007961273193 : 0.09600479155778885
