time_log : 2022_06_01_15_31_31
ckpt_path : ./lightning_logs/DeepTaR/chair/dfnet_optN3/checkpoints/0000001500.ckpt

only_init_net : True
test_mode : average
start_frame_idx : 0
frame_sequence_num : 3
half_lambda_max : 3
test_optim_num : [1, 1, 1, 1, 1]
use_deep_optimizer : True
use_adam_optimizer : False
use_weighted_average : True

avg_err_pos : 0.010687032294990911
avg_err_scale : 0.032095595417081804
avg_err_axis_red : 4.454713106552681
avg_err_axis_green : 2.681736535894845
avg_err_depth : 0.09385183453559875
