time_log : 2022_08_28_19_34_30
ini_ckpt_path : non
rand_P_range : 0.3
rand_S_range : 0.3
rand_R_range : 1.5707963705062866
random_axis_num : 1024
rand_Z_sigma : 0.05
ckpt_path : lightning_logs/DeepTaR/chair/baseline_list0randn_randR05_inpOSMap_outObj_cnn01_after/checkpoints/0000000010.ckpt
test_N_views : 32
test_instance_list_txt : /home/yyoshitake/works/DeepSDF/project/instance_lists/kmean/kmeans0_test_list.txt

only_init_net : False
start_frame_idx : 0
itr_frame_num : 3
half_lambda_max : 0
optim_num : 5
init_mode : all
optim_mode : optimall

avg_err_pos   : 0.016786806285381317 : 0.01529141515493393
avg_err_scale : 6.759571075439453 : 6.583620071411133
avg_err_red   : 3.233625888824463 : 2.091671943664551
avg_err_green : 2.788912534713745 : 2.456984519958496
avg_err_depth : 0.09038721024990082 : 0.090580053627491
