time_log : 2022_08_30_03_24_04
ini_ckpt_path : non
rand_P_range : 0.3
rand_S_range : 0.3
rand_R_range : 1.5707963705062866
random_axis_num : 1024
rand_Z_sigma : 0.05
ckpt_path : lightning_logs/DeepTaR/chair/transavg_list0fixed_randR05_inpOSMap_outObj_pytorch_layers2/checkpoints/0000000017.ckpt
test_N_views : 32
test_instance_list_txt : /home/yyoshitake/works/DeepSDF/project/instance_lists/kmean/kmeans0_test_list.txt

only_init_net : False
start_frame_idx : 0
itr_frame_num : 3
half_lambda_max : 0
optim_num : 5
init_mode : all
optim_mode : optimall

avg_err_pos   : 0.008666171692311764 : 0.007558705285191536
avg_err_scale : 5.699799537658691 : 5.594134330749512
avg_err_red   : 1.3716223239898682 : 1.0840811729431152
avg_err_green : 1.6272010803222656 : 1.414023518562317
avg_err_depth : 0.07229606062173843 : 0.06963642686605453
