script_name : val adam multi
time_log : 2022_06_26_06_14_15
ckpt_path : lightning_logs/DeepTaR/chair/original_list0_0621/checkpoints/0000000500.ckpt
val_N_views : 32
val_instance_list_txt : instance_lists/kmean/top_256_kmeans_list_0.txt

only_init_net : False
start_frame_idx : 0
frame_sequence_num : 5
half_lambda_max : 3
itr_frame_num : 3

avg_err_pos   : 0.005219012964516878 : 0.004210473503917456
avg_err_scale : 0.013690956868231297 : 0.010170161724090576
avg_err_red   : 1.1840012073516846 : 1.0454882383346558
avg_err_green : 0.895416796207428 : 0.7246975898742676
avg_err_depth : 0.05043677240610123 : 0.04669290408492088
