time_log : 2022_08_30_06_35_10
ini_ckpt_path : non
rand_P_range : 0.3
rand_S_range : 0.3
rand_R_range : 1.5707963705062866
random_axis_num : 1024
rand_Z_sigma : 0.05
ckpt_path : lightning_logs/DeepTaR/chair/baseline_list0randn_randR05_inpOSMap_outObj_cnn01_after/checkpoints/0000000021.ckpt
test_N_views : 32
test_instance_list_txt : /home/yyoshitake/works/DeepSDF/project/instance_lists/kmean/kmeans0_test_list.txt

only_init_net : False
start_frame_idx : 0
itr_frame_num : 3
half_lambda_max : 0
optim_num : 5
init_mode : all
optim_mode : optimall

avg_err_pos   : 0.014639523811638355 : 0.01203867420554161
avg_err_scale : 4.673556327819824 : 3.879709243774414
avg_err_red   : 3.3146090507507324 : 1.6224472522735596
avg_err_green : 1.9076251983642578 : 1.4240894317626953
avg_err_depth : 0.08430637419223785 : 0.08170916140079498
