time_log : 2022_05_09_13_18_16
ckpt_path : ./lightning_logs/DeepTaR/chair/test_dfnet_gru/checkpoints/0000003200.ckpt
avg_err_axis_green : 0.0006770180552396524
avg_err_axis_red : 0.0018954670708061644
avg_err_depth : 0.043681878596544266
