script_name : test ori multi
time_log : 2022_07_26_01_59_34
ckpt_path : lightning_logs/DeepTaR/chair/dfnet_list2_randR05_sha_date0723/checkpoints/0000000100.ckpt
test_N_views : 8
test_instance_list_txt : instance_lists/kmean/kmeans2_test_list.txt

only_init_net : True
start_frame_idx : 0
itr_frame_num : 5
half_lambda_max : 0
optim_num : 5
init_mode : all
optim_mode : optimall

avg_err_pos   : 0.02008962817490101 : 0.018515706062316895
avg_err_scale : 0.05207304656505585 : 0.041230201721191406
avg_err_red   : 8.130874633789062 : 6.260167598724365
avg_err_green : 6.032751560211182 : 5.236578941345215
avg_err_depth : 0.1523960381746292 : 0.15133440494537354
