time_log : 2022_07_26_07_16_12
ini_ckpt_path : lightning_logs/DeepTaR/chair/initnet_list2_date0705/checkpoints/0000000300.ckpt
ckpt_path : lightning_logs/DeepTaR/chair/dfnet_list2_randR05_sha_date0723/checkpoints/0000000350.ckpt
test_N_views : 8
test_instance_list_txt : instance_lists/kmean/kmeans2_test_list.txt

only_init_net : False
start_frame_idx : 0
itr_frame_num : 5
half_lambda_max : 0
optim_num : 5
init_mode : all
optim_mode : optimall

avg_err_pos   : 0.011566895991563797 : 0.009987111203372478
avg_err_scale : 0.038102202117443085 : 0.03301107883453369
avg_err_red   : 3.299443244934082 : 2.3463525772094727
avg_err_green : 3.082376003265381 : 2.6238698959350586
avg_err_depth : 0.09932911396026611 : 0.09562332928180695
