time_log : 2022_08_28_19_36_00
ini_ckpt_path : non
rand_P_range : 0.3
rand_S_range : 0.3
rand_R_range : 1.5707963705062866
random_axis_num : 1024
rand_Z_sigma : 0.05
ckpt_path : lightning_logs/DeepTaR/chair/baseline_list0fixed_randR05_inpOSMap_outObj_cnn01_after/checkpoints/0000000010.ckpt
test_N_views : 32
test_instance_list_txt : /home/yyoshitake/works/DeepSDF/project/instance_lists/kmean/kmeans0_test_list.txt

only_init_net : False
start_frame_idx : 0
itr_frame_num : 3
half_lambda_max : 0
optim_num : 5
init_mode : all
optim_mode : optimall

avg_err_pos   : 0.010378528386354446 : 0.009415652602910995
avg_err_scale : 2.538328170776367 : 2.076836109161377
avg_err_red   : 2.994586229324341 : 1.686730146408081
avg_err_green : 2.316282272338867 : 2.0102264881134033
avg_err_depth : 0.07792316377162933 : 0.07665349543094635
