script_name : val adam multi
time_log : 2022_06_28_22_51_18
ckpt_path : lightning_logs/DeepTaR/chair/progressivewfd_list0_0621/checkpoints/0000000500.ckpt
val_N_views : 32
val_instance_list_txt : instance_lists/kmean/top_256_kmeans_list_2.txt

only_init_net : False
start_frame_idx : 0
frame_sequence_num : 5
half_lambda_max : 3
itr_frame_num : 3

avg_err_pos   : 0.01622389443218708 : 0.012858177535235882
avg_err_scale : 0.048881396651268005 : 0.03371560573577881
avg_err_red   : 5.916641712188721 : 2.794283151626587
avg_err_green : 7.30082893371582 : 5.557600021362305
avg_err_depth : 0.1253317892551422 : 0.12611506879329681
