script_name : val adam multi
time_log : 2022_06_27_16_18_26
ckpt_path : lightning_logs/DeepTaR/chair/original_list0_0621/checkpoints/0000000500.ckpt
val_N_views : 32
val_instance_list_txt : instance_lists/kmean/top_256_kmeans_list_2.txt

only_init_net : False
start_frame_idx : 0
frame_sequence_num : 5
half_lambda_max : 3
itr_frame_num : 3

avg_err_pos   : 0.033949367702007294 : 0.04041004180908203
avg_err_scale : 0.09132374823093414 : 0.08003103733062744
avg_err_red   : 11.174678802490234 : 11.422374725341797
avg_err_green : 9.021838188171387 : 8.44198989868164
avg_err_depth : 0.21955624222755432 : 0.2195371687412262
