time_log : 2022_08_29_17_39_14
ini_ckpt_path : non
rand_P_range : 0.3
rand_S_range : 0.3
rand_R_range : 1.5707963705062866
random_axis_num : 1024
rand_Z_sigma : 0.05
ckpt_path : lightning_logs/DeepTaR/chair/transavg_list0fixed_randR05_inpOSMap_outObj_pytorch_layers2/checkpoints/0000000011.ckpt
test_N_views : 32
test_instance_list_txt : /home/yyoshitake/works/DeepSDF/project/instance_lists/kmean/kmeans0_test_list.txt

only_init_net : False
start_frame_idx : 0
itr_frame_num : 3
half_lambda_max : 0
optim_num : 5
init_mode : all
optim_mode : optimall

avg_err_pos   : 0.010995831340551376 : 0.010080892592668533
avg_err_scale : 5.284058570861816 : 5.196054458618164
avg_err_red   : 1.5146781206130981 : 1.2182841300964355
avg_err_green : 1.8875572681427002 : 1.640977144241333
avg_err_depth : 0.07834319025278091 : 0.07577068358659744
