script_name : val adam multi
time_log : 2022_06_24_07_51_52
ckpt_path : lightning_logs/DeepTaR/chair/original_list0_0621/checkpoints/0000000500.ckpt
val_N_views : 32
val_instance_list_txt : instance_lists/kmean/top_256_kmeans_list_2.txt

only_init_net : True
start_frame_idx : 0
frame_sequence_num : 5
half_lambda_max : 3
itr_frame_num : 3

avg_err_pos   : 0.017138274386525154 : 0.014984820038080215
avg_err_scale : 0.056758053600788116 : 0.04451596736907959
avg_err_red   : 5.4606781005859375 : 3.7362780570983887
avg_err_green : 7.562825679779053 : 6.560347080230713
avg_err_depth : 0.16770139336585999 : 0.1693938821554184
