time_log : 2022_08_24_02_02_19
ini_ckpt_path : non
rand_P_range : 0.3
rand_S_range : 0.3
rand_R_range : 1.5707963705062866
random_axis_num : 1024
rand_Z_sigma : 0.05
ckpt_path : lightning_logs/DeepTaR/chair/dfnet_transcls_after_list0_randR05_inpOSMap_outObj_peAdd_3layers/checkpoints/0000000012.ckpt
test_N_views : 16
test_instance_list_txt : /home/yyoshitake/works/DeepSDF/project/instance_lists/kmean/kmeans0_test_list.txt

only_init_net : False
start_frame_idx : 0
itr_frame_num : 5
half_lambda_max : 0
optim_num : 5
init_mode : all
optim_mode : optimall

avg_err_pos   : 0.007180212996900082 : 0.005956443026661873
avg_err_scale : 2.0397236347198486 : 1.6522631645202637
avg_err_red   : 1.5686726570129395 : 1.3091046810150146
avg_err_green : 1.7878835201263428 : 1.480217456817627
avg_err_depth : 0.07666783779859543 : 0.074434295296669
