script_name : val adam multi
time_log : 2022_07_09_10_57_54
ckpt_path : lightning_logs/DeepTaR/chair/dfnet_list0_date0707/checkpoints/0000000700.ckpt
val_N_views : 32
val_instance_list_txt : instance_lists/kmean/kmeans0_test_list.txt

only_init_net : False
start_frame_idx : 0
itr_frame_num : 5
half_lambda_max : 3
optim_num : 5

avg_err_pos   : 0.010620791465044022 : 0.005806369706988335
avg_err_scale : 0.02522365376353264 : 0.01848447322845459
avg_err_red   : 1.8108267784118652 : 1.1267435550689697
avg_err_green : 1.4542310237884521 : 1.0882248878479004
avg_err_depth : 0.06421007961034775 : 0.05904006212949753
