script_name : val ori multi
time_log : 2022_07_23_08_12_53
ckpt_path : lightning_logs/DeepTaR/chair/dfnet_list0_randR05_sha_separate_atten_date0721/checkpoints/0000000700.ckpt
val_N_views : 16
val_instance_list_txt : instance_lists/kmean/kmeans0_test_list.txt

only_init_net : False
start_frame_idx : 0
itr_frame_num : 5
half_lambda_max : 0
optim_num : 7
init_mode : all
optim_mode : optimall

avg_err_pos   : 0.006831294856965542 : 0.005898910574615002
avg_err_scale : 0.030703101307153702 : 0.028318345546722412
avg_err_red   : 1.646185278892517 : 1.399346947669983
avg_err_green : 1.3945139646530151 : 1.1591026782989502
avg_err_depth : 0.06236258149147034 : 0.05952329933643341
