script_name : val adam multi
time_log : 2022_07_11_02_40_10
ckpt_path : lightning_logs/DeepTaR/chair/initnet_list0_date0705/checkpoints/0000000500.ckpt
val_N_views : 32
val_instance_list_txt : instance_lists/kmean/kmeans0_test_list.txt

start_frame_idx : 0
frame_sequence_num : 5
grad_optim_max : 50
shape_code_reg : 0.01
adam_step_ratio : 0.01

avg_err_pos   : 0.006366660352796316 : 0.004387464374303818
avg_err_scale : 0.024359049275517464 : 0.017226994037628174
avg_err_red   : 3.5247762203216553 : 2.5955564975738525
avg_err_green : 0.8569564819335938 : 0.5464388728141785
avg_err_depth : 0.047406621277332306 : 0.039662230759859085
