time_log : 2022_08_24_00_23_29
ini_ckpt_path : non
rand_P_range : 0.3
rand_S_range : 0.3
rand_R_range : 1.5707963705062866
random_axis_num : 1024
rand_Z_sigma : 0.05
ckpt_path : lightning_logs/DeepTaR/chair/dfnet_transcls_after_list0_randR05_inpDepth_outObj_peAdd_3layers/checkpoints/0000000011.ckpt
test_N_views : 16
test_instance_list_txt : /home/yyoshitake/works/DeepSDF/project/instance_lists/kmean/kmeans0_test_list.txt

only_init_net : False
start_frame_idx : 0
itr_frame_num : 5
half_lambda_max : 0
optim_num : 5
init_mode : all
optim_mode : optimall

avg_err_pos   : 0.009840981103479862 : 0.008456449024379253
avg_err_scale : 1.745312213897705 : 1.3471226692199707
avg_err_red   : 2.5321571826934814 : 1.934870958328247
avg_err_green : 2.137125015258789 : 1.7571370601654053
avg_err_depth : 0.08004504442214966 : 0.07943359762430191
