time_log : 2022_07_26_09_21_01
ini_ckpt_path : lightning_logs/DeepTaR/chair/initnet_list2_date0705/checkpoints/0000000300.ckpt
ckpt_path : lightning_logs/DeepTaR/chair/dfnet_list2_randR05_mha_avg_learned_weighted_date0723/checkpoints/0000000450.ckpt
test_N_views : 8
test_instance_list_txt : instance_lists/kmean/kmeans2_test_list.txt

only_init_net : False
start_frame_idx : 0
itr_frame_num : 5
half_lambda_max : 0
optim_num : 5
init_mode : all
optim_mode : optimall

avg_err_pos   : 0.016327517107129097 : 0.011594876646995544
avg_err_scale : 0.04658006131649017 : 0.024561703205108643
avg_err_red   : 6.308704376220703 : 3.6828603744506836
avg_err_green : 4.586572647094727 : 2.9935269355773926
avg_err_depth : 0.10628245770931244 : 0.09834790229797363
