script_name : val deep multi
time_log : 2022_06_17_19_36_18
ckpt_path : lightning_logs/DeepTaR/chair/dfnet_list0_date0616/checkpoints/0000001500.ckpt
val_N_views : 32
val_instance_list_txt : instance_lists/kmean/top_256_kmeans_list_3.txt

only_init_net : False
start_frame_idx : 0
frame_sequence_num : 3
half_lambda_max : 3
test_optim_num : 5

avg_err_pos : 0.010505101643502712
avg_err_scale : 0.04124915599822998
avg_err_axis_red : 2.1495282649993896
avg_err_axis_green : 1.6366302967071533
avg_err_depth : 0.088484026491642
