time_log : 2022_08_29_17_38_28
ini_ckpt_path : non
rand_P_range : 0.3
rand_S_range : 0.3
rand_R_range : 1.5707963705062866
random_axis_num : 1024
rand_Z_sigma : 0.05
ckpt_path : lightning_logs/DeepTaR/chair/baseline_list0fixed_randR05_inpOSMap_outObj_cnn01_after/checkpoints/0000000013.ckpt
test_N_views : 32
test_instance_list_txt : /home/yyoshitake/works/DeepSDF/project/instance_lists/kmean/kmeans0_test_list.txt

only_init_net : False
start_frame_idx : 0
itr_frame_num : 3
half_lambda_max : 0
optim_num : 5
init_mode : all
optim_mode : optimall

avg_err_pos   : 0.009673632681369781 : 0.008571104146540165
avg_err_scale : 5.201644420623779 : 5.085583686828613
avg_err_red   : 2.09415340423584 : 1.6091854572296143
avg_err_green : 1.6030290126800537 : 1.3093295097351074
avg_err_depth : 0.07371348142623901 : 0.07111082226037979
