time_log : 2022_08_30_06_35_54
ini_ckpt_path : non
rand_P_range : 0.3
rand_S_range : 0.3
rand_R_range : 1.5707963705062866
random_axis_num : 1024
rand_Z_sigma : 0.05
ckpt_path : lightning_logs/DeepTaR/chair/transavg_list0randn_randR05_inpOSMap_outObj_pytorch_layers3/checkpoints/0000000021.ckpt
test_N_views : 32
test_instance_list_txt : /home/yyoshitake/works/DeepSDF/project/instance_lists/kmean/kmeans0_test_list.txt

only_init_net : False
start_frame_idx : 0
itr_frame_num : 3
half_lambda_max : 0
optim_num : 5
init_mode : all
optim_mode : optimall

avg_err_pos   : 0.013966741040349007 : 0.012302481569349766
avg_err_scale : 4.873597145080566 : 4.525219917297363
avg_err_red   : 2.514892578125 : 1.6772475242614746
avg_err_green : 2.745028018951416 : 2.532616138458252
avg_err_depth : 0.08558302372694016 : 0.08368319272994995
