time_log : 2022_06_05_12_27_10
ckpt_path : ./lightning_logs/DeepTaR/chair/dfnet_first/checkpoints/0000001000.ckpt

only_init_net : False
test_mode : average
start_frame_idx : 0
frame_sequence_num : 5
half_lambda_max : 3
test_optim_num : [2, 2, 2, 2, 2]
use_deep_optimizer : False
use_adam_optimizer : True
use_weighted_average : False

avg_err_pos : 0.027281453714426845
avg_err_scale : 0.0688243613597496
avg_err_axis_red : 3.8888300195383625
avg_err_axis_green : 3.1130348090279303
avg_err_depth : 0.09469522535800934
