time_log : 2022_06_12_21_16_49
ckpt_path : ./lightning_logs/DeepTaR/chair/dfnet_first/checkpoints/0000001000.ckpt

only_init_net : False
test_mode : average
start_frame_idx : 0
frame_sequence_num : 5
half_lambda_max : 3
test_optim_num : [2, 2, 2, 2, 2]
use_deep_optimizer : False
use_adam_optimizer : True
use_weighted_average : False

avg_err_pos : 0.007568336905075665
avg_err_scale : 0.023659642660872615
avg_err_axis_red : 3.987798558437425
avg_err_axis_green : 1.4664799003918365
avg_err_depth : 0.057589124888181686
