time_log : 2022_06_06_03_55_17
ckpt_path : ./lightning_logs/DeepTaR/chair/initnet_first/checkpoints/0000001000.ckpt

only_init_net : True
test_mode : average
start_frame_idx : 0
frame_sequence_num : 3
half_lambda_max : 3
test_optim_num : [1, 1, 1, 1, 1]
use_deep_optimizer : True
use_adam_optimizer : False
use_weighted_average : False

avg_err_pos : 0.014004884287714958
avg_err_scale : 0.039752863347530365
avg_err_axis_red : 6.821753978729248
avg_err_axis_green : 4.193243503570557
avg_err_depth : 0.10991105437278748
