time_log : 2022_06_12_14_22_04
ckpt_path : ./lightning_logs/DeepTaR/chair/dfnet_first/checkpoints/0000001000.ckpt

only_init_net : False
test_mode : average
start_frame_idx : 0
frame_sequence_num : 5
half_lambda_max : 3
test_optim_num : 5
use_deep_optimizer : True
use_adam_optimizer : False
use_weighted_average : False

avg_err_pos : 0.01141163520514965
avg_err_scale : 0.027667492628097534
avg_err_axis_red : 2.7904160022735596
avg_err_axis_green : 2.0666420459747314
avg_err_depth : 0.08497865498065948
