script_name : val deep multi
time_log : 2022_06_20_10_02_42
ckpt_path : lightning_logs/DeepTaR/chair/dfnetwfd_list0_later/checkpoints/0000001200.ckpt
val_N_views : 32
val_instance_list_txt : instance_lists/kmean/top_256_kmeans_list_3.txt

only_init_net : False
start_frame_idx : 0
frame_sequence_num : 3
half_lambda_max : 3
test_optim_num : 5

avg_err_pos : 0.0108320452272892
avg_err_scale : 0.02756359614431858
avg_err_axis_red : 2.387383460998535
avg_err_axis_green : 1.6891024112701416
avg_err_depth : 0.0704542025923729
