script_name : test ori multi
time_log : 2022_07_26_04_51_13
ckpt_path : lightning_logs/DeepTaR/chair/dfnet_list2_randR05_mha_avg_date0723/checkpoints/0000000500.ckpt
test_N_views : 8
test_instance_list_txt : instance_lists/kmean/kmeans2_test_list.txt

only_init_net : False
start_frame_idx : 0
itr_frame_num : 5
half_lambda_max : 0
optim_num : 5
init_mode : all
optim_mode : optimall

avg_err_pos   : 0.010754487477242947 : 0.009339971467852592
avg_err_scale : 0.028356414288282394 : 0.0191020667552948
avg_err_red   : 2.736466407775879 : 2.0611326694488525
avg_err_green : 2.4464643001556396 : 2.036487579345703
avg_err_depth : 0.09289099276065826 : 0.08953019976615906
