time_log : 2022_07_26_07_18_11
ini_ckpt_path : lightning_logs/DeepTaR/chair/initnet_list2_date0705/checkpoints/0000000300.ckpt
ckpt_path : lightning_logs/DeepTaR/chair/dfnet_list2_randR05_origin_after_date0723/checkpoints/0000000350.ckpt
test_N_views : 8
test_instance_list_txt : instance_lists/kmean/kmeans2_test_list.txt

only_init_net : False
start_frame_idx : 0
itr_frame_num : 5
half_lambda_max : 0
optim_num : 5
init_mode : all
optim_mode : optimall

avg_err_pos   : 0.01216485071927309 : 0.009614386595785618
avg_err_scale : 0.03083821013569832 : 0.02113562822341919
avg_err_red   : 3.1153674125671387 : 2.2893972396850586
avg_err_green : 2.886601448059082 : 2.3419275283813477
avg_err_depth : 0.09288591146469116 : 0.08913090825080872
