script_name : val deep multi
time_log : 2022_06_20_05_04_03
ckpt_path : lightning_logs/DeepTaR/chair/dfnetwfd_list0_date0616/checkpoints/0000001700.ckpt
val_N_views : 32
val_instance_list_txt : instance_lists/kmean/top_256_kmeans_list_1.txt

only_init_net : False
start_frame_idx : 0
frame_sequence_num : 3
half_lambda_max : 3
test_optim_num : 5

avg_err_pos : 0.023317433893680573
avg_err_scale : 0.08810174465179443
avg_err_axis_red : 27.401504516601562
avg_err_axis_green : 8.05072021484375
avg_err_depth : 0.16916605830192566
