script_name : val deep multi
time_log : 2022_06_20_05_13_50
ckpt_path : lightning_logs/DeepTaR/chair/dfnetwfd_list0_later_wfd2AC/checkpoints/0000001000.ckpt
val_N_views : 32
val_instance_list_txt : instance_lists/kmean/top_256_kmeans_list_1.txt

only_init_net : False
start_frame_idx : 0
frame_sequence_num : 3
half_lambda_max : 3
test_optim_num : 5

avg_err_pos : 0.026199940592050552
avg_err_scale : 0.14827249944210052
avg_err_axis_red : 35.64234924316406
avg_err_axis_green : 12.037805557250977
avg_err_depth : 0.2050694227218628
