script_name : val adam multi
time_log : 2022_06_26_06_05_45
ckpt_path : lightning_logs/DeepTaR/chair/progressive_list0_0621/checkpoints/0000000500.ckpt
val_N_views : 32
val_instance_list_txt : instance_lists/kmean/top_256_kmeans_list_1.txt

only_init_net : False
start_frame_idx : 0
frame_sequence_num : 5
half_lambda_max : 3
itr_frame_num : 3

avg_err_pos   : 0.027987856417894363 : 0.023708481341600418
avg_err_scale : 0.08752202987670898 : 0.0714423656463623
avg_err_red   : 41.947181701660156 : 20.59488296508789
avg_err_green : 9.2957181930542 : 6.253133296966553
avg_err_depth : 0.22399362921714783 : 0.2186485379934311
