time_log : 2022_08_30_01_39_42
ini_ckpt_path : non
rand_P_range : 0.3
rand_S_range : 0.3
rand_R_range : 1.5707963705062866
random_axis_num : 1024
rand_Z_sigma : 0.05
ckpt_path : lightning_logs/DeepTaR/chair/baseline_list0fixed_randR05_inpOSMap_outObj_cnn01_after/checkpoints/0000000017.ckpt
test_N_views : 32
test_instance_list_txt : /home/yyoshitake/works/DeepSDF/project/instance_lists/kmean/kmeans0_test_list.txt

only_init_net : False
start_frame_idx : 0
itr_frame_num : 3
half_lambda_max : 0
optim_num : 5
init_mode : all
optim_mode : optimall

avg_err_pos   : 0.008931648917496204 : 0.00781789980828762
avg_err_scale : 4.9660844802856445 : 4.7593464851379395
avg_err_red   : 1.36105215549469 : 1.0450202226638794
avg_err_green : 1.5118868350982666 : 1.2364598512649536
avg_err_depth : 0.07289581000804901 : 0.06953825056552887
