time_log : 2022_08_28_19_35_37
ini_ckpt_path : non
rand_P_range : 0.3
rand_S_range : 0.3
rand_R_range : 1.5707963705062866
random_axis_num : 1024
rand_Z_sigma : 0.05
ckpt_path : lightning_logs/DeepTaR/chair/transavg_list0randn_randR05_inpOSMap_outObj_pytorch_layers2_lr5e-5/checkpoints/0000000010.ckpt
test_N_views : 32
test_instance_list_txt : /home/yyoshitake/works/DeepSDF/project/instance_lists/kmean/kmeans0_test_list.txt

only_init_net : False
start_frame_idx : 0
itr_frame_num : 3
half_lambda_max : 0
optim_num : 5
init_mode : all
optim_mode : optimall

avg_err_pos   : 0.015574812889099121 : 0.013964327983558178
avg_err_scale : 7.233450412750244 : 6.9064812660217285
avg_err_red   : 3.352482795715332 : 2.3173108100891113
avg_err_green : 2.6418330669403076 : 2.2818188667297363
avg_err_depth : 0.09783181548118591 : 0.0975143164396286
