script_name : val ori multi
time_log : 2022_07_18_11_45_10
ckpt_path : lightning_logs/DeepTaR/chair/dfnet_list0_randR05_trans_avg_date0717/checkpoints/0000000500.ckpt
val_N_views : 32
val_instance_list_txt : instance_lists/kmean/kmeans0_test_list.txt

only_init_net : False
start_frame_idx : 0
itr_frame_num : 5
half_lambda_max : 0
optim_num : 7
init_mode : all
optim_mode : optimall

avg_err_pos   : 0.1374470442533493 : 0.004741168115288019
avg_err_scale : 0.027080919593572617 : 0.013001024723052979
avg_err_red   : 1.6816397905349731 : 1.1846513748168945
avg_err_green : 1.421120524406433 : 1.0970005989074707
avg_err_depth : 0.06213938072323799 : 0.05575547367334366
