time_log : 2022_06_06_04_21_52
ckpt_path : ./lightning_logs/DeepTaR/chair/initnet_first/checkpoints/0000001000.ckpt

only_init_net : True
test_mode : average
start_frame_idx : 0
frame_sequence_num : 5
half_lambda_max : 3
test_optim_num : [1, 1, 1, 1, 1]
use_deep_optimizer : True
use_adam_optimizer : False
use_weighted_average : False

avg_err_pos : 0.01275127287954092
avg_err_scale : 0.03806031495332718
avg_err_axis_red : 5.504264831542969
avg_err_axis_green : 3.564629554748535
avg_err_depth : 0.1083703264594078
