time_log : 2022_07_26_08_51_00
ini_ckpt_path : lightning_logs/DeepTaR/chair/initnet_list2_date0705/checkpoints/0000000300.ckpt
ckpt_path : lightning_logs/DeepTaR/chair/dfnet_list2_randR05_mha_avg_date0723/checkpoints/0000000300.ckpt
test_N_views : 8
test_instance_list_txt : instance_lists/kmean/kmeans2_test_list.txt

only_init_net : False
start_frame_idx : 0
itr_frame_num : 5
half_lambda_max : 0
optim_num : 5
init_mode : all
optim_mode : optimall

avg_err_pos   : 0.012504545971751213 : 0.011280116625130177
avg_err_scale : 0.04661257937550545 : 0.04356706142425537
avg_err_red   : 2.81685733795166 : 2.106450080871582
avg_err_green : 2.8931758403778076 : 2.5072555541992188
avg_err_depth : 0.10401863604784012 : 0.10042081773281097
