script_name : val deep multi
time_log : 2022_06_20_00_15_06
ckpt_path : lightning_logs/DeepTaR/chair/dfnetwfd_list0_later_wfd2AC/checkpoints/0000001000.ckpt
val_N_views : 32
val_instance_list_txt : instance_lists/kmean/top_256_kmeans_list_2.txt

only_init_net : False
start_frame_idx : 0
frame_sequence_num : 3
half_lambda_max : 3
test_optim_num : 5

avg_err_pos : 0.020852811634540558
avg_err_scale : 0.07643480598926544
avg_err_axis_red : 6.180238723754883
avg_err_axis_green : 8.180288314819336
avg_err_depth : 0.13829486072063446
