script_name : val deep multi
time_log : 2022_06_19_19_27_49
ckpt_path : lightning_logs/DeepTaR/chair/dfnetwfd_list0_later_wfd2AC/checkpoints/0000001000.ckpt
val_N_views : 32
val_instance_list_txt : instance_lists/kmean/top_256_kmeans_list_3.txt

only_init_net : False
start_frame_idx : 0
frame_sequence_num : 3
half_lambda_max : 3
test_optim_num : 5

avg_err_pos : 0.0095614492893219
avg_err_scale : 0.026464104652404785
avg_err_axis_red : 2.463639259338379
avg_err_axis_green : 2.1544907093048096
avg_err_depth : 0.06928715109825134
