script_name : val ori multi
time_log : 2022_07_25_01_57_40
ckpt_path : lightning_logs/DeepTaR/chair/dfnet_list0_randR05_origin_after_date0721/checkpoints/0000000200.ckpt
val_N_views : 8
val_instance_list_txt : instance_lists/kmean/kmeans0_test_list.txt

only_init_net : False
start_frame_idx : 0
itr_frame_num : 5
half_lambda_max : 0
optim_num : 7
init_mode : all
optim_mode : optimall

avg_err_pos   : 0.009022298268973827 : 0.008083086460828781
avg_err_scale : 0.020970743149518967 : 0.016906142234802246
avg_err_red   : 2.679882049560547 : 2.2951178550720215
avg_err_green : 2.414344549179077 : 2.157264232635498
avg_err_depth : 0.07953809201717377 : 0.07710124552249908
