script_name : val deep multi
time_log : 2022_06_18_01_32_45
ckpt_path : lightning_logs/DeepTaR/chair/initnet_list0_date0616/checkpoints/0000001500.ckpt
val_N_views : 32
val_instance_list_txt : instance_lists/kmean/top_256_kmeans_list_2.txt

only_init_net : True
start_frame_idx : 0
frame_sequence_num : 3
half_lambda_max : 3
test_optim_num : 1

avg_err_pos : 0.01861492544412613
avg_err_scale : 0.05999597907066345
avg_err_axis_red : 7.326814651489258
avg_err_axis_green : 7.249274253845215
avg_err_depth : 0.17452044785022736
