script_name : val adam multi
time_log : 2022_06_29_09_49_40
ckpt_path : lightning_logs/DeepTaR/chair/progressivewfd_list0_0621/checkpoints/0000000500.ckpt
val_N_views : 32
val_instance_list_txt : instance_lists/kmean/top_256_kmeans_list_4.txt

only_init_net : False
start_frame_idx : 0
frame_sequence_num : 5
half_lambda_max : 3
itr_frame_num : 3

avg_err_pos   : 0.014099079184234142 : 0.01123072113841772
avg_err_scale : 0.034310776740312576 : 0.024447619915008545
avg_err_red   : 6.890098571777344 : 2.2046914100646973
avg_err_green : 4.096077919006348 : 2.349686861038208
avg_err_depth : 0.11100661754608154 : 0.10592450946569443
