script_name : val adam multi
time_log : 2022_07_12_05_15_36
ckpt_path : lightning_logs/DeepTaR/chair/initnet_list0_date0705/checkpoints/0000000500.ckpt
val_N_views : 32
val_instance_list_txt : instance_lists/kmean/kmeans0_test_list.txt

start_frame_idx : 0
frame_sequence_num : 5
grad_optim_max : 50
shape_code_reg : 0.01
adam_step_ratio : 0.01

avg_err_pos   : 0.006291539873927832 : 0.0044254278764128685
avg_err_scale : 0.02525147795677185 : 0.018345534801483154
avg_err_red   : 0.4998329281806946 : 0.2533378005027771
avg_err_green : 0.8252918720245361 : 0.5284162759780884
avg_err_depth : 0.04784233123064041 : 0.04054921120405197
