time_log : 2022_06_06_11_35_46
ckpt_path : ./lightning_logs/DeepTaR/chair/initnet_first/checkpoints/0000000960.ckpt

only_init_net : True
test_mode : average
start_frame_idx : 0
frame_sequence_num : 3
half_lambda_max : 3
test_optim_num : [1, 1, 1, 1, 1]
use_deep_optimizer : True
use_adam_optimizer : False
use_weighted_average : False

avg_err_pos : 0.011960644274950027
avg_err_scale : 0.029950467869639397
avg_err_axis_red : 4.40447473526001
avg_err_axis_green : 2.9355247020721436
avg_err_depth : 0.10085708647966385
