time_log : 2022_06_08_23_07_18
ckpt_path : ./lightning_logs/DeepTaR/chair/dfnet_first/checkpoints/0000001000.ckpt

only_init_net : False
test_mode : average
start_frame_idx : 0
frame_sequence_num : 5
half_lambda_max : 8
test_optim_num : 3
use_deep_optimizer : True
use_adam_optimizer : False
use_weighted_average : False

avg_err_pos : 0.011301849037408829
avg_err_scale : 0.02726536989212036
avg_err_axis_red : 2.705427408218384
avg_err_axis_green : 2.097846746444702
avg_err_depth : 0.08560150116682053
