script_name : val adam multi
time_log : 2022_06_24_07_46_42
ckpt_path : lightning_logs/DeepTaR/chair/progressivewfd_list0_0621/checkpoints/0000000500.ckpt
val_N_views : 32
val_instance_list_txt : instance_lists/kmean/top_256_kmeans_list_3.txt

only_init_net : False
start_frame_idx : 0
frame_sequence_num : 5
half_lambda_max : 3
itr_frame_num : 3

avg_err_pos   : 0.008041273802518845 : 0.005857742391526699
avg_err_scale : 0.027314217761158943 : 0.018931865692138672
avg_err_red   : 2.7682580947875977 : 1.4927898645401
avg_err_green : 1.5003048181533813 : 1.0742896795272827
avg_err_depth : 0.0644906535744667 : 0.06048023700714111
