script_name : val adam multi
time_log : 2022_06_27_16_45_34
ckpt_path : lightning_logs/DeepTaR/chair/original_list0_0621/checkpoints/0000000500.ckpt
val_N_views : 32
val_instance_list_txt : instance_lists/kmean/top_256_kmeans_list_2.txt

only_init_net : False
start_frame_idx : 0
frame_sequence_num : 5
half_lambda_max : 3
itr_frame_num : 3

avg_err_pos   : 0.03153768181800842 : 0.026731444522738457
avg_err_scale : 0.13786731660366058 : 0.14283180236816406
avg_err_red   : 76.70625305175781 : 122.78582763671875
avg_err_green : 31.84986686706543 : 14.827447891235352
avg_err_depth : 0.22880111634731293 : 0.23085086047649384
