time_log : 2022_08_24_01_12_37
ini_ckpt_path : non
rand_P_range : 0.3
rand_S_range : 0.3
rand_R_range : 1.5707963705062866
random_axis_num : 1024
rand_Z_sigma : 0.05
ckpt_path : lightning_logs/DeepTaR/chair/dfnet_transcls_after_list0_randR05_inpDepth_outObj_peCat_3layers/checkpoints/0000000013.ckpt
test_N_views : 16
test_instance_list_txt : /home/yyoshitake/works/DeepSDF/project/instance_lists/kmean/kmeans0_test_list.txt

only_init_net : False
start_frame_idx : 0
itr_frame_num : 5
half_lambda_max : 0
optim_num : 5
init_mode : all
optim_mode : optimall

avg_err_pos   : 0.009009410627186298 : 0.007678932975977659
avg_err_scale : 2.0459816455841064 : 1.5455443859100342
avg_err_red   : 2.42280912399292 : 1.8523986339569092
avg_err_green : 2.047712802886963 : 1.6345237493515015
avg_err_depth : 0.0934513732790947 : 0.0903177559375763
