script_name : val adam multi
time_log : 2022_07_06_15_57_46
ckpt_path : lightning_logs/DeepTaR/chair/initnet_list2_date0705/checkpoints/0000000200.ckpt
val_N_views : 32
val_instance_list_txt : instance_lists/kmean/kmeans2_test_list.txt

start_frame_idx : 0
frame_sequence_num : 5
grad_optim_max : 50
shape_code_reg : 0.1
adam_step_ratio : 0.01

avg_err_pos   : 0.012873384170234203 : 0.0099476408213377
avg_err_scale : 0.044801708310842514 : 0.035732001066207886
avg_err_red   : 7.175050258636475 : 5.18653678894043
avg_err_green : 3.824800491333008 : 2.585279941558838
avg_err_depth : 0.09453515708446503 : 0.08883073925971985
