time_log : 2022_06_13_03_02_27
ckpt_path : ./lightning_logs/DeepTaR/chair/dfnet_first/checkpoints/0000001000.ckpt

only_init_net : False
test_mode : average
start_frame_idx : 0
frame_sequence_num : 5
half_lambda_max : 3
test_optim_num : [2, 2, 2, 2, 2]
use_deep_optimizer : False
use_adam_optimizer : True
use_weighted_average : False

avg_err_pos : 0.009585346604196313
avg_err_scale : 0.024915924115550436
avg_err_axis_red : 3.2613896604276627
avg_err_axis_green : 1.799852702846275
avg_err_depth : 0.06978102028369904
