script_name : val adam multi
time_log : 2022_06_27_11_26_06
ckpt_path : lightning_logs/DeepTaR/chair/progressive_list0_0621/checkpoints/0000000500.ckpt
val_N_views : 32
val_instance_list_txt : instance_lists/kmean/top_256_kmeans_list_2.txt

only_init_net : False
start_frame_idx : 0
frame_sequence_num : 5
half_lambda_max : 3
itr_frame_num : 3

avg_err_pos   : 0.03713897243142128 : 0.03388397395610809
avg_err_scale : 0.08663780987262726 : 0.0662459135055542
avg_err_red   : 102.63143920898438 : 107.24712371826172
avg_err_green : 23.192415237426758 : 14.618478775024414
avg_err_depth : 0.2055586725473404 : 0.20659740269184113
