time_log : 2022_06_01_11_35_56
ckpt_path : ./lightning_logs/DeepTaR/chair/dfnet_optN3/checkpoints/0000001500.ckpt

only_init_net : True
test_mode : average
start_frame_idx : 0
frame_sequence_num : 5
half_lambda_max : 3
test_optim_num : [1, 1, 1, 1, 1]
use_deep_optimizer : True
use_adam_optimizer : False
use_weighted_average : True

avg_err_pos : 0.009868599937969864
avg_err_scale : 0.03105316902050591
avg_err_axis_red : 3.7353385279547426
avg_err_axis_green : 2.3222371900801395
avg_err_depth : 0.09171999990940094
