time_log : 2022_06_13_03_02_18
ckpt_path : ./lightning_logs/DeepTaR/chair/dfnet_first/checkpoints/0000001000.ckpt

only_init_net : False
test_mode : average
start_frame_idx : 0
frame_sequence_num : 5
half_lambda_max : 3
test_optim_num : [2, 2, 2, 2, 2]
use_deep_optimizer : False
use_adam_optimizer : True
use_weighted_average : False

avg_err_pos : 0.010591341260916655
avg_err_scale : 0.029881745073847287
avg_err_axis_red : 4.294432869890827
avg_err_axis_green : 1.8784731565080501
avg_err_depth : 0.07273285835981369
