script_name : val deep multi
time_log : 2022_06_19_10_48_03
ckpt_path : lightning_logs/DeepTaR/chair/dfnetwfd_list0_later/checkpoints/0000001800.ckpt
val_N_views : 32
val_instance_list_txt : instance_lists/kmean/top_256_kmeans_list_3.txt

only_init_net : False
start_frame_idx : 0
frame_sequence_num : 3
half_lambda_max : 3
test_optim_num : 5

avg_err_pos : 0.00963598769158125
avg_err_scale : 0.04080280289053917
avg_err_axis_red : 1.7154581546783447
avg_err_axis_green : 1.6774042844772339
avg_err_depth : 0.06826930493116379
