time_log : 2022_06_06_01_08_10
ckpt_path : ./lightning_logs/DeepTaR/chair/dfnet_first/checkpoints/0000001000.ckpt

only_init_net : False
test_mode : average
start_frame_idx : 0
frame_sequence_num : 3
half_lambda_max : 3
test_optim_num : [5, 5, 5, 5, 5]
use_deep_optimizer : True
use_adam_optimizer : False
use_weighted_average : True

avg_err_pos : 0.012644520029425621
avg_err_scale : 0.029475880786776543
avg_err_axis_red : 3.4670400619506836
avg_err_axis_green : 2.396981716156006
avg_err_depth : 0.08886003494262695
