script_name : val adam multi
time_log : 2022_06_23_19_51_16
ckpt_path : lightning_logs/DeepTaR/chair/progressive_list0_0621/checkpoints/0000000400.ckpt
val_N_views : 32
val_instance_list_txt : instance_lists/kmean/top_256_kmeans_list_2.txt

only_init_net : False
start_frame_idx : 0
frame_sequence_num : 5
half_lambda_max : 3
itr_frame_num : 3

avg_err_pos   : 0.017367474734783173 : 0.014111864380538464
avg_err_scale : 0.05048176273703575 : 0.03513169288635254
avg_err_red   : 6.605531215667725 : 3.046325206756592
avg_err_green : 7.689937591552734 : 5.828941345214844
avg_err_depth : 0.14784234762191772 : 0.15143918991088867
