time_log : 2022_07_26_08_49_36
ini_ckpt_path : lightning_logs/DeepTaR/chair/initnet_list2_date0705/checkpoints/0000000300.ckpt
ckpt_path : lightning_logs/DeepTaR/chair/dfnet_list2_randR05_sha_date0723/checkpoints/0000000300.ckpt
test_N_views : 8
test_instance_list_txt : instance_lists/kmean/kmeans2_test_list.txt

only_init_net : False
start_frame_idx : 0
itr_frame_num : 5
half_lambda_max : 0
optim_num : 5
init_mode : all
optim_mode : optimall

avg_err_pos   : 0.013772771693766117 : 0.011369002051651478
avg_err_scale : 0.06810743361711502 : 0.059196919202804565
avg_err_red   : 3.696129322052002 : 2.4428834915161133
avg_err_green : 3.0239553451538086 : 2.622750759124756
avg_err_depth : 0.11025349050760269 : 0.10732924938201904
