script_name : val adam multi
time_log : 2022_07_09_15_27_34
ckpt_path : lightning_logs/DeepTaR/chair/initnet_list0_date0705/checkpoints/0000000500.ckpt
val_N_views : 32
val_instance_list_txt : instance_lists/kmean/kmeans0_test_list.txt

start_frame_idx : 0
frame_sequence_num : 5
grad_optim_max : 50
shape_code_reg : 0.1
adam_step_ratio : 0.01

avg_err_pos   : 0.008188558742403984 : 0.006401665974408388
avg_err_scale : 0.041151270270347595 : 0.03611338138580322
avg_err_red   : 3.437101364135742 : 2.540795087814331
avg_err_green : 1.3017213344573975 : 0.9802863597869873
avg_err_depth : 0.06954653561115265 : 0.06347852945327759
