script_name : val deep multi
time_log : 2022_06_20_06_33_05
ckpt_path : lightning_logs/DeepTaR/chair/dfnet_list0_date0616/checkpoints/0000001700.ckpt
val_N_views : 32
val_instance_list_txt : instance_lists/kmean/top_256_kmeans_list_1.txt

only_init_net : False
start_frame_idx : 0
frame_sequence_num : 3
half_lambda_max : 3
test_optim_num : 5

avg_err_pos : 0.027873370796442032
avg_err_scale : 0.0818077102303505
avg_err_axis_red : 36.75091552734375
avg_err_axis_green : 9.209491729736328
avg_err_depth : 0.21354153752326965
