script_name : test ori multi
time_log : 2022_07_25_08_48_57
ckpt_path : lightning_logs/DeepTaR/chair/dfnet_list0_randR05_mha_avg_before_date0723/checkpoints/0000000400.ckpt
test_N_views : 8
test_instance_list_txt : instance_lists/kmean/kmeans0_test_list.txt

only_init_net : False
start_frame_idx : 0
itr_frame_num : 5
half_lambda_max : 0
optim_num : 5
init_mode : all
optim_mode : optimall

avg_err_pos   : 0.006097570993006229 : 0.0051850322633981705
avg_err_scale : 0.020579788833856583 : 0.01678350567817688
avg_err_red   : 1.6213637590408325 : 1.3473360538482666
avg_err_green : 1.4025830030441284 : 1.1890206336975098
avg_err_depth : 0.06033799797296524 : 0.056435003876686096
