time_log : 2022_06_07_12_16_00
ckpt_path : ./lightning_logs/DeepTaR/chair/initnet_first/checkpoints/0000000960.ckpt

only_init_net : False
test_mode : average
start_frame_idx : 0
frame_sequence_num : 5
half_lambda_max : 3
test_optim_num : [2, 2, 2, 2, 2]
use_deep_optimizer : False
use_adam_optimizer : True
use_weighted_average : False

avg_err_pos : 0.04161253084273869
avg_err_scale : 0.17008137426546455
avg_err_axis_red : 5.081439791183336
avg_err_axis_green : 4.644684247558871
avg_err_depth : 0.121034175157547
