script_name : val ori multi
time_log : 2022_07_25_01_57_01
ckpt_path : lightning_logs/DeepTaR/chair/dfnet_list0_randR05_mha_avg_date0721/checkpoints/0000000200.ckpt
val_N_views : 8
val_instance_list_txt : instance_lists/kmean/kmeans0_test_list.txt

only_init_net : False
start_frame_idx : 0
itr_frame_num : 5
half_lambda_max : 0
optim_num : 7
init_mode : all
optim_mode : optimall

avg_err_pos   : 0.007214920595288277 : 0.006346786394715309
avg_err_scale : 0.017074190080165863 : 0.012362837791442871
avg_err_red   : 2.2563986778259277 : 1.9230008125305176
avg_err_green : 1.8198572397232056 : 1.5698490142822266
avg_err_depth : 0.07658635079860687 : 0.07361200451850891
