script_name : val deep multi
time_log : 2022_06_18_10_19_26
ckpt_path : lightning_logs/DeepTaR/chair/dfnet_list0_date0616/checkpoints/0000001800.ckpt
val_N_views : 32
val_instance_list_txt : instance_lists/kmean/top_256_kmeans_list_1.txt

only_init_net : False
start_frame_idx : 0
frame_sequence_num : 3
half_lambda_max : 3
test_optim_num : 5

avg_err_pos : 0.02647664211690426
avg_err_scale : 0.17303165793418884
avg_err_axis_red : 34.802825927734375
avg_err_axis_green : 10.53226375579834
avg_err_depth : 0.2508445084095001
