script_name : val deep multi
time_log : 2022_06_19_19_34_47
ckpt_path : lightning_logs/DeepTaR/chair/dfnetwfd_list0_date0616/checkpoints/0000001200.ckpt
val_N_views : 32
val_instance_list_txt : instance_lists/kmean/top_256_kmeans_list_3.txt

only_init_net : False
start_frame_idx : 0
frame_sequence_num : 3
half_lambda_max : 3
test_optim_num : 5

avg_err_pos : 0.010338442400097847
avg_err_scale : 0.0382361076772213
avg_err_axis_red : 2.3320212364196777
avg_err_axis_green : 1.8095314502716064
avg_err_depth : 0.068999744951725
