script_name : test ori multi
time_log : 2022_07_25_05_20_24
ckpt_path : lightning_logs/DeepTaR/chair/dfnet_list0_randR05_origin_before_date0721/checkpoints/0000000500.ckpt
test_N_views : 8
test_instance_list_txt : instance_lists/kmean/kmeans0_test_list.txt

only_init_net : False
start_frame_idx : 0
itr_frame_num : 5
half_lambda_max : 0
optim_num : 5
init_mode : all
optim_mode : optimall

avg_err_pos   : 0.0063898940570652485 : 0.00526515394449234
avg_err_scale : 0.01660514436662197 : 0.01237577199935913
avg_err_red   : 1.0572859048843384 : 0.8381344676017761
avg_err_green : 1.0466644763946533 : 0.8272072076797485
avg_err_depth : 0.05894825607538223 : 0.05549958720803261
