script_name : val ori multi
time_log : 2022_07_23_06_37_28
ckpt_path : lightning_logs/DeepTaR/chair/dfnet_list0_randR05_origin_before_date0721/checkpoints/0000000500.ckpt
val_N_views : 16
val_instance_list_txt : instance_lists/kmean/kmeans0_test_list.txt

only_init_net : False
start_frame_idx : 0
itr_frame_num : 5
half_lambda_max : 0
optim_num : 7
init_mode : all
optim_mode : optimall

avg_err_pos   : 0.006403119303286076 : 0.00532680144533515
avg_err_scale : 0.016642604023218155 : 0.012581348419189453
avg_err_red   : 1.1340028047561646 : 0.8849231004714966
avg_err_green : 1.0493183135986328 : 0.8255496025085449
avg_err_depth : 0.05894798785448074 : 0.05578047037124634
