script_name : test ori multi
time_log : 2022_07_26_06_01_25
ckpt_path : lightning_logs/DeepTaR/chair/dfnet_list2_randR05_origin_after_date0723/checkpoints/0000000500.ckpt
test_N_views : 8
test_instance_list_txt : instance_lists/kmean/kmeans2_test_list.txt

only_init_net : False
start_frame_idx : 0
itr_frame_num : 5
half_lambda_max : 0
optim_num : 5
init_mode : all
optim_mode : optimall

avg_err_pos   : 0.03442980721592903 : 0.013337923213839531
avg_err_scale : 0.04267227649688721 : 0.027291864156723022
avg_err_red   : 8.348542213439941 : 2.7482285499572754
avg_err_green : 10.636716842651367 : 2.8772218227386475
avg_err_depth : 0.13129347562789917 : 0.11804883182048798
