time_log : 2022_06_02_16_40_51
ckpt_path : ./lightning_logs/DeepTaR/chair/dfnet_optN3_failed/checkpoints/0000001500.ckpt

only_init_net : False
test_mode : average
start_frame_idx : 0
frame_sequence_num : 5
half_lambda_max : 3
test_optim_num : [2, 2, 2, 2, 2]
use_deep_optimizer : False
use_adam_optimizer : True
use_weighted_average : False

avg_err_pos : 0.028538161411423547
avg_err_scale : 0.05308606920136492
avg_err_axis_red : 4.032777419829797
avg_err_axis_green : 3.0103479498967016
avg_err_depth : 0.10094121843576431
