script_name : val ori multi
time_log : 2022_07_18_11_45_17
ckpt_path : lightning_logs/DeepTaR/chair/dfnet_list0_randR05_date0717/checkpoints/0000000500.ckpt
val_N_views : 32
val_instance_list_txt : instance_lists/kmean/kmeans0_test_list.txt

only_init_net : False
start_frame_idx : 0
itr_frame_num : 5
half_lambda_max : 0
optim_num : 7
init_mode : all
optim_mode : optimall

avg_err_pos   : 0.00943472795188427 : 0.005317534785717726
avg_err_scale : 0.03014599159359932 : 0.018675178289413452
avg_err_red   : 1.748075008392334 : 1.1929633617401123
avg_err_green : 1.7812542915344238 : 1.101184368133545
avg_err_depth : 0.06255355477333069 : 0.058491382747888565
