time_log : 2022_07_26_07_17_48
ini_ckpt_path : lightning_logs/DeepTaR/chair/initnet_list2_date0705/checkpoints/0000000300.ckpt
ckpt_path : lightning_logs/DeepTaR/chair/dfnet_list2_randR05_mha_avg_learned_weighted_date0723/checkpoints/0000000350.ckpt
test_N_views : 8
test_instance_list_txt : instance_lists/kmean/kmeans2_test_list.txt

only_init_net : False
start_frame_idx : 0
itr_frame_num : 5
half_lambda_max : 0
optim_num : 5
init_mode : all
optim_mode : optimall

avg_err_pos   : 1.3439602851867676 : 0.009783254936337471
avg_err_scale : 0.04313202202320099 : 0.022376418113708496
avg_err_red   : 6.220940589904785 : 2.469578266143799
avg_err_green : 8.21578598022461 : 2.6020331382751465
avg_err_depth : 0.12089774012565613 : 0.09712177515029907
