time_log : 2022_06_06_02_02_56
ckpt_path : ./lightning_logs/DeepTaR/chair/dfnet_wodepth_first/checkpoints/0000001000.ckpt

only_init_net : False
test_mode : average
start_frame_idx : 0
frame_sequence_num : 5
half_lambda_max : 3
test_optim_num : [5, 5, 5, 5, 5]
use_deep_optimizer : True
use_adam_optimizer : False
use_weighted_average : False

avg_err_pos : 0.00881362147629261
avg_err_scale : 0.023741034790873528
avg_err_axis_red : 3.1995863914489746
avg_err_axis_green : 1.7970038652420044
avg_err_depth : 0.0814562439918518
