script_name : test ori multi
time_log : 2022_07_26_05_16_28
ckpt_path : lightning_logs/DeepTaR/chair/dfnet_list2_randR05_origin_after_date0723/checkpoints/0000000500.ckpt
test_N_views : 8
test_instance_list_txt : instance_lists/kmean/kmeans2_test_list.txt

only_init_net : False
start_frame_idx : 0
itr_frame_num : 5
half_lambda_max : 0
optim_num : 5
init_mode : all
optim_mode : optimall

avg_err_pos   : 0.03448028489947319 : 0.01337823923677206
avg_err_scale : 0.04269998520612717 : 0.02720886468887329
avg_err_red   : 8.364727020263672 : 2.74234676361084
avg_err_green : 10.672191619873047 : 2.8893744945526123
avg_err_depth : 0.131247878074646 : 0.1178426593542099
