script_name : val adam multi
time_log : 2022_06_27_16_46_43
ckpt_path : lightning_logs/DeepTaR/chair/original_list0_0621/checkpoints/0000000500.ckpt
val_N_views : 32
val_instance_list_txt : instance_lists/kmean/top_256_kmeans_list_2.txt

only_init_net : False
start_frame_idx : 0
frame_sequence_num : 5
half_lambda_max : 3
itr_frame_num : 3

avg_err_pos   : 0.031071780249476433 : 0.038385920226573944
avg_err_scale : 0.10983818024396896 : 0.13194680213928223
avg_err_red   : 12.893295288085938 : 12.60064697265625
avg_err_green : 10.859733581542969 : 8.622543334960938
avg_err_depth : 0.224857360124588 : 0.22711770236492157
