time_log : 2022_07_26_07_50_32
ini_ckpt_path : lightning_logs/DeepTaR/chair/initnet_list2_date0705/checkpoints/0000000300.ckpt
ckpt_path : lightning_logs/DeepTaR/chair/dfnet_list2_randR05_sha_date0723/checkpoints/0000000400.ckpt
test_N_views : 8
test_instance_list_txt : instance_lists/kmean/kmeans2_test_list.txt

only_init_net : False
start_frame_idx : 0
itr_frame_num : 5
half_lambda_max : 0
optim_num : 5
init_mode : all
optim_mode : optimall

avg_err_pos   : 0.011709937825798988 : 0.010413868352770805
avg_err_scale : 0.030000969767570496 : 0.023821532726287842
avg_err_red   : 2.9969778060913086 : 2.2514238357543945
avg_err_green : 2.635317087173462 : 2.2136831283569336
avg_err_depth : 0.10111868381500244 : 0.09709851443767548
