script_name : val deep multi
time_log : 2022_06_20_00_09_17
ckpt_path : lightning_logs/DeepTaR/chair/dfnetwfd_list0_date0616/checkpoints/0000001400.ckpt
val_N_views : 32
val_instance_list_txt : instance_lists/kmean/top_256_kmeans_list_1.txt

only_init_net : False
start_frame_idx : 0
frame_sequence_num : 3
half_lambda_max : 3
test_optim_num : 5

avg_err_pos : 0.024373652413487434
avg_err_scale : 0.09640240669250488
avg_err_axis_red : 28.052501678466797
avg_err_axis_green : 9.347278594970703
avg_err_depth : 0.1715451031923294
