time_log : 2022_06_05_11_58_43
ckpt_path : ./lightning_logs/DeepTaR/chair/dfnet_first/checkpoints/0000001000.ckpt

only_init_net : False
test_mode : average
start_frame_idx : 0
frame_sequence_num : 5
half_lambda_max : 3
test_optim_num : [2, 2, 2, 2, 2]
use_deep_optimizer : False
use_adam_optimizer : True
use_weighted_average : True

avg_err_pos : 0.024541015296456838
avg_err_scale : 0.05834762361689325
avg_err_axis_red : 3.7290148782074324
avg_err_axis_green : 2.8387408292536027
avg_err_depth : 0.0935954749584198
