time_log : 2022_07_26_08_51_21
ini_ckpt_path : lightning_logs/DeepTaR/chair/initnet_list2_date0705/checkpoints/0000000300.ckpt
ckpt_path : lightning_logs/DeepTaR/chair/dfnet_list2_randR05_mha_avg_learned_weighted_date0723/checkpoints/0000000300.ckpt
test_N_views : 8
test_instance_list_txt : instance_lists/kmean/kmeans2_test_list.txt

only_init_net : False
start_frame_idx : 0
itr_frame_num : 5
half_lambda_max : 0
optim_num : 5
init_mode : all
optim_mode : optimall

avg_err_pos   : 0.051692359149456024 : 0.009608849883079529
avg_err_scale : 0.04416578263044357 : 0.03695055842399597
avg_err_red   : 3.551142692565918 : 2.3400464057922363
avg_err_green : 2.876152515411377 : 2.3985748291015625
avg_err_depth : 0.0990147590637207 : 0.09496524184942245
