time_log : 2022_06_13_03_02_14
ckpt_path : ./lightning_logs/DeepTaR/chair/dfnet_first/checkpoints/0000001000.ckpt

only_init_net : False
test_mode : average
start_frame_idx : 0
frame_sequence_num : 5
half_lambda_max : 3
test_optim_num : [2, 2, 2, 2, 2]
use_deep_optimizer : False
use_adam_optimizer : True
use_weighted_average : False

avg_err_pos : 0.010675502526394721
avg_err_scale : 0.02991340135984567
avg_err_axis_red : 2.698456572684878
avg_err_axis_green : 1.898681506150274
avg_err_depth : 0.07401356846094131
