time_log : 2022_06_06_08_03_38
ckpt_path : ./lightning_logs/DeepTaR/chair/initnet_first/checkpoints/0000001000.ckpt

only_init_net : True
test_mode : average
start_frame_idx : 0
frame_sequence_num : 5
half_lambda_max : 8
test_optim_num : [1, 1, 1, 1, 1]
use_deep_optimizer : True
use_adam_optimizer : False
use_weighted_average : True

avg_err_pos : 0.012833014130592346
avg_err_scale : 0.037505581974983215
avg_err_axis_red : 5.235986709594727
avg_err_axis_green : 3.4452106952667236
avg_err_depth : 0.10797300934791565
