script_name : val deep multi
time_log : 2022_06_19_10_45_43
ckpt_path : lightning_logs/DeepTaR/chair/dfnetwfd_list0_later_wfd2AC/checkpoints/0000001200.ckpt
val_N_views : 32
val_instance_list_txt : instance_lists/kmean/top_256_kmeans_list_3.txt

only_init_net : False
start_frame_idx : 0
frame_sequence_num : 3
half_lambda_max : 3
test_optim_num : 5

avg_err_pos : 0.010654985904693604
avg_err_scale : 0.033918991684913635
avg_err_axis_red : 2.540024995803833
avg_err_axis_green : 2.1073050498962402
avg_err_depth : 0.07053595036268234
