script_name : val adam multi
time_log : 2022_06_26_00_50_47
ckpt_path : lightning_logs/DeepTaR/chair/progressivewfd_list0_0621/checkpoints/0000001000.ckpt
val_N_views : 32
val_instance_list_txt : instance_lists/kmean/top_256_kmeans_list_2.txt

only_init_net : False
start_frame_idx : 0
frame_sequence_num : 5
half_lambda_max : 3
itr_frame_num : 3

avg_err_pos   : 0.015148449689149857 : 0.010888634249567986
avg_err_scale : 0.05308227986097336 : 0.032801806926727295
avg_err_red   : 5.78732967376709 : 2.632249355316162
avg_err_green : 7.150374412536621 : 4.927401065826416
avg_err_depth : 0.1252184510231018 : 0.12793825566768646
