script_name : val adam multi
time_log : 2022_06_17_15_36_43
ckpt_path : lightning_logs/DeepTaR/chair/initnet_list0_date0616/checkpoints/0000001500.ckpt
val_N_views : 32
val_instance_list_txt : instance_lists/kmean/top_256_kmeans_list_1.txt

start_frame_idx : 0
frame_sequence_num : 3
grad_optim_max : 50
shape_code_reg : 0.0
adam_step_ratio : 0.01

avg_err_pos : 0.026077721267938614
avg_err_scale : 0.10331626236438751
avg_err_axis_red : 32.36204528808594
avg_err_axis_green : 7.671041488647461
avg_err_depth : 0.14063698053359985
