script_name : val ori multi
time_log : 2022_07_18_12_58_14
ckpt_path : lightning_logs/DeepTaR/chair/dfnet_list0_randR05_trans_mlpQ_date0717/checkpoints/0000000700.ckpt
val_N_views : 32
val_instance_list_txt : instance_lists/kmean/kmeans0_test_list.txt

only_init_net : False
start_frame_idx : 0
itr_frame_num : 5
half_lambda_max : 0
optim_num : 7
init_mode : all
optim_mode : optimall

avg_err_pos   : 0.020845938473939896 : 0.005973869003355503
avg_err_scale : 0.04558201879262924 : 0.013662010431289673
avg_err_red   : 2.300252676010132 : 1.5989985466003418
avg_err_green : 1.763359546661377 : 1.4406895637512207
avg_err_depth : 0.06813549995422363 : 0.0640161782503128
