script_name : val adam multi
time_log : 2022_06_26_05_09_30
ckpt_path : lightning_logs/DeepTaR/chair/progressivewfd_list0_0621/checkpoints/0000000500.ckpt
val_N_views : 32
val_instance_list_txt : instance_lists/kmean/top_256_kmeans_list_4.txt

only_init_net : False
start_frame_idx : 0
frame_sequence_num : 5
half_lambda_max : 3
itr_frame_num : 3

avg_err_pos   : 0.014314407482743263 : 0.01065143570303917
avg_err_scale : 0.03100280463695526 : 0.022220969200134277
avg_err_red   : 8.649738311767578 : 2.5863399505615234
avg_err_green : 4.66586971282959 : 2.6418988704681396
avg_err_depth : 0.11255791783332825 : 0.10690929740667343
