script_name : val adam multi
time_log : 2022_07_13_03_08_26
ckpt_path : lightning_logs/DeepTaR/chair/initnet_list2_date0705/checkpoints/0000000500.ckpt
val_N_views : 32
val_instance_list_txt : instance_lists/kmean/kmeans2_test_list.txt

start_frame_idx : 0
frame_sequence_num : 5
grad_optim_max : 50
shape_code_reg : 0.01
adam_step_ratio : 0.01

avg_err_pos   : 0.009046198800206184 : 0.00657510943710804
avg_err_scale : 0.029443157836794853 : 0.020524144172668457
avg_err_red   : 1.2668248414993286 : 0.4405747354030609
avg_err_green : 2.2218432426452637 : 1.4072259664535522
avg_err_depth : 0.06351052224636078 : 0.05603208392858505
