script_name : val deep multi
time_log : 2022_06_18_03_28_23
ckpt_path : lightning_logs/DeepTaR/chair/dfnet_list0_date0616/checkpoints/0000001500.ckpt
val_N_views : 32
val_instance_list_txt : instance_lists/kmean/top_256_kmeans_list_2.txt

only_init_net : False
start_frame_idx : 0
frame_sequence_num : 3
half_lambda_max : 3
test_optim_num : 5

avg_err_pos : 0.018811170011758804
avg_err_scale : 0.05595419555902481
avg_err_axis_red : 6.13668155670166
avg_err_axis_green : 7.100506782531738
avg_err_depth : 0.15067484974861145
