script_name : val adam multi
time_log : 2022_06_26_05_18_05
ckpt_path : lightning_logs/DeepTaR/chair/progressivewfd_list0_0621/checkpoints/0000000500.ckpt
val_N_views : 32
val_instance_list_txt : instance_lists/kmean/top_256_kmeans_list_0.txt

only_init_net : False
start_frame_idx : 0
frame_sequence_num : 5
half_lambda_max : 3
itr_frame_num : 3

avg_err_pos   : 0.0034620848018676043 : 0.002499700291082263
avg_err_scale : 0.009984808973968029 : 0.0074950456619262695
avg_err_red   : 1.0849871635437012 : 0.8815999627113342
avg_err_green : 0.5290851593017578 : 0.3856295347213745
avg_err_depth : 0.02993970364332199 : 0.024313924834132195
