script_name : test ori multi
time_log : 2022_07_26_06_20_41
ckpt_path : lightning_logs/DeepTaR/chair/dfnet_list2_randR05_origin_before_date0723/checkpoints/0000000500.ckpt
test_N_views : 8
test_instance_list_txt : instance_lists/kmean/kmeans2_test_list.txt

only_init_net : False
start_frame_idx : 0
itr_frame_num : 5
half_lambda_max : 0
optim_num : 5
init_mode : all
optim_mode : optimall

avg_err_pos   : 0.010494867339730263 : 0.008836081251502037
avg_err_scale : 0.02746983990073204 : 0.02131134271621704
avg_err_red   : 2.5169293880462646 : 1.6926941871643066
avg_err_green : 3.092503070831299 : 2.379361629486084
avg_err_depth : 0.09194760769605637 : 0.08815497159957886
