time_log : 2022_06_12_21_16_27
ckpt_path : ./lightning_logs/DeepTaR/chair/dfnet_first/checkpoints/0000001000.ckpt

only_init_net : False
test_mode : average
start_frame_idx : 0
frame_sequence_num : 5
half_lambda_max : 3
test_optim_num : [2, 2, 2, 2, 2]
use_deep_optimizer : False
use_adam_optimizer : True
use_weighted_average : False

avg_err_pos : 0.008767564591667406
avg_err_scale : 0.02712197194988145
avg_err_axis_red : 3.133917673552739
avg_err_axis_green : 1.6282078920453602
avg_err_depth : 0.06453625112771988
