time_log : 2022_06_13_03_02_21
ckpt_path : ./lightning_logs/DeepTaR/chair/dfnet_first/checkpoints/0000001000.ckpt

only_init_net : False
test_mode : average
start_frame_idx : 0
frame_sequence_num : 5
half_lambda_max : 3
test_optim_num : [2, 2, 2, 2, 2]
use_deep_optimizer : False
use_adam_optimizer : True
use_weighted_average : False

avg_err_pos : 0.00963600671030229
avg_err_scale : 0.0274684479464419
avg_err_axis_red : 3.0212747144134524
avg_err_axis_green : 1.8892615288282029
avg_err_depth : 0.07097768038511276
