script_name : val ori multi
time_log : 2022_07_23_06_32_00
ckpt_path : lightning_logs/DeepTaR/chair/dfnet_list0_randR05_sha_zero_atten_date0721/checkpoints/0000000500.ckpt
val_N_views : 16
val_instance_list_txt : instance_lists/kmean/kmeans0_test_list.txt

only_init_net : False
start_frame_idx : 0
itr_frame_num : 5
half_lambda_max : 0
optim_num : 7
init_mode : all
optim_mode : optimall

avg_err_pos   : 0.0065990230068564415 : 0.00570407509803772
avg_err_scale : 0.016120735555887222 : 0.011699020862579346
avg_err_red   : 1.5800516605377197 : 1.295431137084961
avg_err_green : 1.3981387615203857 : 1.1604526042938232
avg_err_depth : 0.0614798441529274 : 0.0578966923058033
