script_name : val adam multi
time_log : 2022_06_29_11_18_49
ckpt_path : lightning_logs/DeepTaR/chair/progressive_list0_0621/checkpoints/0000000500.ckpt
val_N_views : 32
val_instance_list_txt : instance_lists/kmean/top_256_kmeans_list_4.txt

only_init_net : False
start_frame_idx : 0
frame_sequence_num : 5
half_lambda_max : 3
itr_frame_num : 3

avg_err_pos   : 0.013255538418889046 : 0.010906140320003033
avg_err_scale : 0.05034015700221062 : 0.04173535108566284
avg_err_red   : 7.5929436683654785 : 3.0437538623809814
avg_err_green : 3.727388620376587 : 2.5449132919311523
avg_err_depth : 0.13184607028961182 : 0.12708242237567902
