script_name : val ori multi
time_log : 2022_07_18_12_58_31
ckpt_path : lightning_logs/DeepTaR/chair/dfnet_list0_randR05_date0717/checkpoints/0000000700.ckpt
val_N_views : 32
val_instance_list_txt : instance_lists/kmean/kmeans0_test_list.txt

only_init_net : False
start_frame_idx : 0
itr_frame_num : 5
half_lambda_max : 0
optim_num : 7
init_mode : all
optim_mode : optimall

avg_err_pos   : 0.013127139769494534 : 0.006805816665291786
avg_err_scale : 0.03637756034731865 : 0.017256319522857666
avg_err_red   : 4.253755569458008 : 1.4951475858688354
avg_err_green : 2.3871710300445557 : 1.1604526042938232
avg_err_depth : 0.0674506276845932 : 0.060852546244859695
