script_name : val adam multi
time_log : 2022_06_29_05_05_11
ckpt_path : lightning_logs/DeepTaR/chair/progressive_list0_0621/checkpoints/0000000500.ckpt
val_N_views : 32
val_instance_list_txt : instance_lists/kmean/top_256_kmeans_list_3.txt

only_init_net : False
start_frame_idx : 0
frame_sequence_num : 5
half_lambda_max : 3
itr_frame_num : 3

avg_err_pos   : 0.009736650623381138 : 0.007742681540548801
avg_err_scale : 0.05366255342960358 : 0.0415189266204834
avg_err_red   : 2.7584009170532227 : 1.9252893924713135
avg_err_green : 1.6826624870300293 : 1.301910400390625
avg_err_depth : 0.08837577700614929 : 0.08511520177125931
