time_log : 2022_06_06_04_12_19
ckpt_path : ./lightning_logs/DeepTaR/chair/initnet_first/checkpoints/0000001000.ckpt

only_init_net : True
test_mode : average
start_frame_idx : 0
frame_sequence_num : 3
half_lambda_max : 3
test_optim_num : [1, 1, 1, 1, 1]
use_deep_optimizer : True
use_adam_optimizer : False
use_weighted_average : True

avg_err_pos : 0.014102326706051826
avg_err_scale : 0.039349935948848724
avg_err_axis_red : 6.3827948570251465
avg_err_axis_green : 4.120596885681152
avg_err_depth : 0.10985952615737915
