time_log : 2022_08_28_19_38_02
ini_ckpt_path : non
rand_P_range : 0.3
rand_S_range : 0.3
rand_R_range : 1.5707963705062866
random_axis_num : 1024
rand_Z_sigma : 0.05
ckpt_path : lightning_logs/DeepTaR/chair/transavg_list0fixed_randR05_inpOSMap_outObj_pytorch_layers2/checkpoints/0000000010.ckpt
test_N_views : 32
test_instance_list_txt : /home/yyoshitake/works/DeepSDF/project/instance_lists/kmean/kmeans0_test_list.txt

only_init_net : False
start_frame_idx : 0
itr_frame_num : 3
half_lambda_max : 0
optim_num : 5
init_mode : all
optim_mode : optimall

avg_err_pos   : 0.011839400976896286 : 0.010874786414206028
avg_err_scale : 5.10014009475708 : 4.945756912231445
avg_err_red   : 2.1367316246032715 : 1.8045016527175903
avg_err_green : 2.9707913398742676 : 2.7827000617980957
avg_err_depth : 0.07952827215194702 : 0.07791738212108612
