script_name : val ori multi
time_log : 2022_07_19_16_08_22
ckpt_path : lightning_logs/DeepTaR/chair/dfnet_list2_randR05_date0718/checkpoints/0000000500.ckpt
val_N_views : 32
val_instance_list_txt : instance_lists/kmean/kmeans2_test_list.txt

only_init_net : False
start_frame_idx : 0
itr_frame_num : 5
half_lambda_max : 0
optim_num : 7
init_mode : all
optim_mode : optimall

avg_err_pos   : 0.0335422120988369 : 0.009953498840332031
avg_err_scale : 0.04503871873021126 : 0.027217477560043335
avg_err_red   : 6.407475471496582 : 2.2339258193969727
avg_err_green : 5.487736701965332 : 2.5311083793640137
avg_err_depth : 0.10970327258110046 : 0.09229015558958054
