time_log : 2022_07_26_09_20_46
ini_ckpt_path : lightning_logs/DeepTaR/chair/initnet_list2_date0705/checkpoints/0000000300.ckpt
ckpt_path : lightning_logs/DeepTaR/chair/dfnet_list2_randR05_mha_avg_date0723/checkpoints/0000000450.ckpt
test_N_views : 8
test_instance_list_txt : instance_lists/kmean/kmeans2_test_list.txt

only_init_net : False
start_frame_idx : 0
itr_frame_num : 5
half_lambda_max : 0
optim_num : 5
init_mode : all
optim_mode : optimall

avg_err_pos   : 0.00954506266862154 : 0.00820934772491455
avg_err_scale : 0.024185016751289368 : 0.01885831356048584
avg_err_red   : 2.4758877754211426 : 1.8678101301193237
avg_err_green : 2.300781488418579 : 1.9568475484848022
avg_err_depth : 0.09375952184200287 : 0.09003045409917831
