time_log : 2022_08_29_17_37_39
ini_ckpt_path : non
rand_P_range : 0.3
rand_S_range : 0.3
rand_R_range : 1.5707963705062866
random_axis_num : 1024
rand_Z_sigma : 0.05
ckpt_path : lightning_logs/DeepTaR/chair/transavg_list0randn_randR05_inpOSMap_outObj_pytorch_layers2/checkpoints/0000000012.ckpt
test_N_views : 32
test_instance_list_txt : /home/yyoshitake/works/DeepSDF/project/instance_lists/kmean/kmeans0_test_list.txt

only_init_net : False
start_frame_idx : 0
itr_frame_num : 3
half_lambda_max : 0
optim_num : 5
init_mode : all
optim_mode : optimall

avg_err_pos   : 0.015853874385356903 : 0.014462405815720558
avg_err_scale : 6.792778015136719 : 6.5443878173828125
avg_err_red   : 2.8171982765197754 : 1.890619158744812
avg_err_green : 2.1501989364624023 : 1.794823408126831
avg_err_depth : 0.09644444286823273 : 0.09478835016489029
